0 -1 1
0.06728983118 -1 0.9986042272
0.1344858633 -0.9986060449 0.9958164449
0.2014951581 -0.9958254974 0.9916459436
0.2682264765 -0.9916711401 0.9861073985
0.3345910745 -0.9861609659 0.9792206434
0.4005034378 -0.9793178925 0.9710103695
0.4658819386 -0.9711694092 0.9615057595
0.5306494026 -0.9617471692 0.9507400674
0.5947335785 -0.9510865402 0.9387501594
0.6580675044 -0.9392261257 0.9255760283
0.7205897713 -0.9262072719 0.9112602938
0.7822446864 -0.9120735707 0.8958477032
0.8429823411 -0.8968703719 0.8793846413
0.9027585938 -0.8806443129 0.8619186614
0.9615349744 -0.863442875 0.8434980427
1.019278524 -0.8453139717 0.8241713822
1.07596158 -0.8263055732 0.803987224
1.131561514 -0.8064653709 0.7829937289
1.186060445 -0.7858404821 0.7612383851
1.239444921 -0.7644771952 0.73876776
1.291705587 -0.7424207544 0.7156272917
1.342836856 -0.7197151814 0.6918611181
1.392836571 -0.6964031333 0.6675119409
1.441705673 -0.6725257912 0.6426209217
1.489447887 -0.648122779 0.617227607
1.536069412 -0.6232321069 0.5913698785
1.581578634 -0.5978901383 0.5650839258
1.625985855 -0.572131576 0.5384042378
1.669303038 -0.5459894649 0.5113636113
1.711543575 -0.5194952083 0.4839931719
1.752722072 -0.4926785967 0.456322407
1.792854153 -0.4655678444 0.428379207
1.831956283 -0.4381896348 0.4001899136
1.870045608 -0.4105691703 0.3717793736
1.907139814 -0.3827302268 0.3431709961
1.943256993 -0.3546952108 0.3143868123
1.978415534 -0.3264852185 0.2854475369
2.012634024 -0.2981200955 0.25637263
2.045931154 -0.2696184967 0.2271803587
2.078325646 -0.2409979456 0.1978878584
2.109836183 -0.2122748932 0.1685111924
2.140481354 -0.1834647745 0.1390654101
2.170279601 -0.1545820644 0.1095646038
2.199249177 -0.1256403307 0.08002196284
2.227408111 -0.09665228599 0.05044982582
2.254774176 -0.06762983695 0.02085973067
2.281364866 -0.03858413125 -0.00873753776
2.307197373 -0.00952560258 -0.03833190238
2.33228857 0.01953598669 -0.06791395084
2.356655002 0.04859150509 -0.09747489486
2.380312872 0.07763241377 -0.1270065317
2.403278035 0.1066507303 -0.1565012077
2.425565996 0.1356389944 -0.1859517843
2.447191903 0.1645902361 -0.2153516057
2.468170546 0.1934979449 -0.2446944682
2.488516362 0.2223560418 -0.2739745923
2.508243433 0.2511588521 -0.3031865954
2.527365492 0.2799010804 -0.3323254668
2.545895921 0.3085777869 -0.3613865445
2.563847764 0.3371843653 -0.3903654925
2.581233725 0.3657165217 -0.4192582807
2.598066179 0.3941702556 -0.4480611652
2.614357174 0.4225418412 -0.47677067
2.630118442 0.4508278103 -0.5053835704
2.645361402 0.4790249365 -0.5338968767
2.66009717 0.5071302197 -0.5623078196
2.674336564 0.5351408726 -0.590613836
2.688090114 0.5630543068 -0.6188125559
2.701368066 0.590868121 -0.6469017908
2.714180392 0.6185800893 -0.6748795213
2.726536796 0.6461881499 -0.7027438871
2.738446723 0.6736903956 -0.7304931768
2.749919364 0.7010850636 -0.7581258184
2.760963663 0.7283705273 -0.7856403706
2.771588329 0.7555452871 -0.8130355147
2.781801835 0.7826079633 -0.8403100466
2.791612431 0.8095572882 -0.8674628698
2.801028148 0.8363920997 -0.8944929887
2.810056804 0.8631113344 -0.9213995021
2.818706014 0.8897140216 -0.9481815973
2.826983191 0.916199278 -0.9748385447
2.834895554 0.9425663017 -1.001369692
2.842450137 0.968814368 -1.027774461
2.84965379 0.994942824 -1.05405234
2.856513186 1.020951084 -1.080202883
2.863034828 1.046838628 -1.106225703
2.869225053 1.072604992 -1.132120469
2.875090037 1.098249771 -1.157886903
2.880635799 1.123772611 -1.183524778
2.885868209 1.149173208 -1.209033909
2.890792987 1.174451305 -1.234414159
2.895415714 1.199606686 -1.259665428
2.899741832 1.224639178 -1.284787655
2.903776648 1.249548645 -1.309780815
2.90752534 1.274334988 -1.334644917
2.910992961 1.298998141 -1.359379997
2.914184442 1.32353807 -1.383986126
2.917104594 1.347954768 -1.408463396
2.919758115 1.37224826 -1.432811929
2.92214959 1.396418594 -1.457031869
2.924283496 1.420465843 -1.481123381
2.926164207 1.444390102 -1.505086651
2.927795994 1.46819149 -1.528921886
2.929183028 1.491870141 -1.552629309
2.930329385 1.515426214 -1.57620916
2.931239048 1.538859879 -1.599661694
2.931915909 1.562171327 -1.622987182
2.932363774 1.585360761 -1.646185906
2.93258636 1.608428401 -1.669258163
2.932587305 1.631374478 -1.692204259
2.932370163 1.654199234 -1.715024512
2.931938414 1.676902927 -1.737719249
2.931295457 1.699485821 -1.760288806
2.930444621 1.721948193 -1.782733529
2.929389161 1.744290326 -1.805053769
2.928132263 1.766512514 -1.827249886
2.926677045 1.788615058 -1.849322244
2.92502656 1.810598265 -1.871271216
2.923183795 1.832462451 -1.893097178
2.921151675 1.854207935 -1.91480051
2.918933065 1.875835045 -1.9363816
2.916530771 1.89734411 -1.957840836
2.91394754 1.918735468 -1.97917861
2.911186065 1.940009458 -2.00039532
2.908248982 1.961166424 -2.021491362
2.905138877 1.982206712 -2.042467139
2.901858283 2.003130674 -2.063323052
2.898409682 2.023938662 -2.084059507
2.894795507 2.044631031 -2.104676908
2.891018145 2.065208139 -2.125175663
2.887079934 2.085670344 -2.14555618
2.88298317 2.106018008 -2.165818866
2.878730103 2.126251492 -2.18596413
2.874322939 2.14637116 -2.205992381
2.869763844 2.166377374 -2.225904027
2.865054942 2.1862705 -2.245699478
2.860198318 2.206050902 -2.26537914
2.855196018 2.225718944 -2.284943421
2.850050049 2.245274993 -2.304392728
2.844762384 2.264719412 -2.323727467
2.839334956 2.284052566 -2.342948042
2.833769666 2.30327482 -2.362054856
2.82806838 2.322386536 -2.381048312
2.822232929 2.341388078 -2.399928811
2.816265114 2.360279807 -2.418696751
2.810166702 2.379062084 -2.437352531
2.80393943 2.39773527 -2.455896547
2.797585005 2.416299723 -2.474329192
2.791105103 2.4347558 -2.492650858
2.784501372 2.453103858 -2.510861937
2.777775431 2.471344252 -2.528962816
2.770928873 2.489477334 -2.546953882
2.763963263 2.507503456 -2.564835519
2.756880139 2.525422968 -2.582608108
2.749681015 2.543236219 -2.600272029
2.742367377 2.560943554 -2.61782766
2.734940691 2.578545319 -2.635275376
2.727402394 2.596041856 -2.652615548
2.719753903 2.613433507 -2.669848548
2.711996611 2.630720609 -2.686974743
2.704131888 2.6479035 -2.703994499
2.696161082 2.664982514 -2.720908177
2.688085522 2.681957985 -2.737716139
2.679906512 2.698830242 -2.754418741
2.671625339 2.715599615 -2.77101634
2.663243268 2.732266429 -2.787509287
2.654761545 2.748831008 -2.803897933
2.646181397 2.765293675 -2.820182624
2.637504032 2.781654748 -2.836363705
2.628730639 2.797914546 -2.852441519
2.61986239 2.814073382 -2.868416404
2.61090044 2.830131571 -2.884288698
2.601845923 2.846089421 -2.900058733
2.592699962 2.861947242 -2.915726842
2.583463658 2.877705339 -2.931293353
2.574138099 2.893364015 -2.946758592
2.564724357 2.908923572 -2.962122882
2.555223487 2.924384308 -2.977386544
2.545636529 2.939746519 -2.992549896
2.53596451 2.9550105 -3.007613254
2.526208441 2.970176542 -3.022576928
2.516369319 2.985244935 -3.037441231
2.506448126 3.000215965 -3.052206468
2.496445831 3.015089916 -3.066872945
2.486363391 3.029867072 -3.081440964
2.476201749 3.044547711 -3.095910823
2.465961832 3.059132111 -3.11028282
2.45564456 3.073620548 -3.124557249
2.445250836 3.088013294 -3.1387344
2.434781553 3.102310619 -3.152814564
2.424237592 3.116512792 -3.166798027
2.413619821 3.130620077 -3.180685071
2.402929098 3.14463274 -3.194475979
2.392166269 3.158551039 -3.208171029
2.38133217 3.172375236 -3.221770497
2.370427625 3.186105585 -3.235274656
2.359453448 3.199742341 -3.248683778
2.348410441 3.213285755 -3.261998131
2.3372994 3.226736079 -3.275217981
2.326121106 3.240093557 -3.288343592
2.314876333 3.253358437 -3.301375224
2.303565846 3.26653096 -3.314313137
2.292190398 3.279611366 -3.327157586
2.280750735 3.292599896 -3.339908826
2.269247592 3.305496783 -3.352567107
2.257681698 3.318302263 -3.365132679
2.24605377 3.331016567 -3.377605789
2.234364518 3.343639925 -3.389986679
2.222614644 3.356172563 -3.402275594
2.21080484 3.368614707 -3.414472771
2.198935792 3.38096658 -3.426578448
2.187008176 3.393228403 -3.43859286
2.175022662 3.405400395 -3.450516239
2.162979912 3.417482771 -3.462348817
2.150880578 3.429475748 -3.47409082
2.138725308 3.441379536 -3.485742475
2.126514741 3.453194347 -3.497304006
2.114249508 3.464920388 -3.508775633
2.101930236 3.476557867 -3.520157577
2.089557541 3.488106986 -3.531450053
2.077132036 3.499567948 -3.542653277
2.064654325 3.510940953 -3.553767461
2.052125007 3.5222262 -3.564792815
2.039544672 3.533423884 -3.575729549
2.026913907 3.5445342 -3.586577869
2.014233291 3.555557339 -3.597337977
2.001503397 3.566493491 -3.608010078
1.988724792 3.577342846 -3.618594369
1.975898038 3.588105589 -3.629091051
1.96302369 3.598781904 -3.639500317
1.950102297 3.609371974 -3.649822363
1.937134405 3.61987598 -3.660057379
1.924120553 3.630294099 -3.670205556
1.911061272 3.64062651 -3.680267082
1.897957093 3.650873386 -3.690242142
1.884808537 3.661034901 -3.700130921
1.871616123 3.671111226 -3.709933599
1.858380364 3.68110253 -3.719650358
1.845101767 3.69100898 -3.729281375
1.831780835 3.700830744 -3.738826826
1.818418067 3.710567983 -3.748286885
1.805013957 3.720220862 -3.757661726
1.791568993 3.729789539 -3.766951518
1.77808366 3.739274173 -3.776156431
1.764558438 3.748674922 -3.78527663
1.750993802 3.75799194 -3.794312281
1.737390225 3.767225381 -3.803263547
1.723748173 3.776375396 -3.812130589
1.71006811 3.785442136 -3.820913567
1.696350493 3.794425748 -3.829612639
1.682595779 3.803326379 -3.838227959
1.668804418 3.812144173 -3.846759684
1.654976857 3.820879275 -3.855207965
1.64111354 3.829531825 -3.863572952
1.627214906 3.838101963 -3.871854795
1.613281391 3.846589828 -3.880053641
1.599313428 3.854995556 -3.888169636
1.585311444 3.863319282 -3.896202923
1.571275866 3.87156114 -3.904153645
1.557207115 3.87972126 -3.912021942
1.543105609 3.887799774 -3.919807952
1.528971764 3.89579681 -3.927511813
1.514805991 3.903712494 -3.935133661
1.500608699 3.911546953 -3.94267363
1.486380293 3.919300309 -3.950131851
1.472121176 3.926972686 -3.957508455
1.457831747 3.934564204 -3.964803572
1.443512403 3.942074983 -3.972017329
1.429163536 3.94950514 -3.979149851
1.414785538 3.956854791 -3.986201264
1.400378796 3.96412405 -3.993171689
1.385943694 3.971313032 -4.000061248
1.371480616 3.978421848 -4.006870061
1.356989939 3.985450608 -4.013598245
1.342472042 3.992399421 -4.020245917
1.327927298 3.999268394 -4.026813193
1.313356079 4.006057633 -4.033300185
1.298758754 4.012767242 -4.039707006
1.28413569 4.019397324 -4.046033767
1.26948725 4.025947981 -4.052280576
1.254813797 4.032419313 -4.05844754
1.240115691 4.038811418 -4.064534767
1.225393287 4.045124394 -4.070542361
1.210646942 4.051358336 -4.076470424
1.195877008 4.057513339 -4.082319058
1.181083836 4.063589496 -4.088088365
1.166267773 4.069586899 -4.093778442
1.151429167 4.075505637 -4.099389388
1.136568361 4.0813458 -4.104921297
1.121685698 4.087107474 -4.110374265
1.106781518 4.092790747 -4.115748385
1.09185616 4.098395703 -4.121043749
1.076909959 4.103922426 -4.126260447
1.06194325 4.109370997 -4.131398568
1.046956367 4.114741498 -4.1364582
1.031949639 4.120034007 -4.141439429
1.016923397 4.125248603 -4.146342341
1.001877966 4.130385362 -4.151167017
0.9868136742 4.135444361 -4.155913542
0.9717308441 4.140425673 -4.160581995
0.9566297986 4.145329371 -4.165172457
0.9415108583 4.150155526 -4.169685004
0.9263743426 4.15490421 -4.174119715
0.9112205692 4.15957549 -4.178476665
0.8960498542 4.164169434 -4.182755928
0.8808625123 4.16868611 -4.186957577
0.8656588569 4.173125581 -4.191081684
0.8504391997 4.177487912 -4.195128318
0.8352038514 4.181773166 -4.19909755
0.819953121 4.185981403 -4.202989446
0.8046873164 4.190112685 -4.206804073
0.789406744 4.194167068 -4.210541496
0.7741117092 4.198144612 -4.21420178
0.7588025161 4.202045373 -4.217784986
0.7434794673 4.205869404 -4.221291177
0.7281428646 4.209616762 -4.224720411
0.7127930085 4.213287497 -4.228072749
0.6974301984 4.216881661 -4.231348247
0.6820547325 4.220399306 -4.234546963
0.6666669082 4.223840478 -4.23766895
0.6512670215 4.227205227 -4.240714264
0.6358553678 4.230493598 -4.243682956
0.620432241 4.233705637 -4.246575077
0.6049979346 4.236841388 -4.249390679
0.5895527408 4.239900894 -4.25212981
0.574096951 4.242884197 -4.254792518
0.5586308557 4.245791336 -4.257378849
0.5431547446 4.248622352 -4.259888848
0.5276689065 4.251377281 -4.26232256
0.5121736294 4.254056163 -4.264680027
0.4966692006 4.25665903 -4.266961291
0.4811559066 4.25918592 -4.269166393
0.4656340331 4.261636864 -4.271295371
0.4501038652 4.264011894 -4.273348264
0.4345656872 4.266311043 -4.275325109
0.419019783 4.268534339 -4.277225941
0.4034664355 4.270681811 -4.279050795
0.3879059272 4.272753487 -4.280799704
0.3723385401 4.274749393 -4.282472699
0.3567645555 4.276669553 -4.284069814
0.3411842541 4.278513992 -4.285591075
0.3255979162 4.280282733 -4.287036514
0.3100058217 4.281975798 -4.288406156
0.2944082498 4.283593205 -4.289700028
0.2788054794 4.285134976 -4.290918155
0.263197789 4.286601128 -4.292060561
0.2475854566 4.287991677 -4.293127268
0.23196876 4.28930664 -4.294118299
0.2163479763 4.290546032 -4.295033674
0.2007233827 4.291709866 -4.295873411
0.1850952558 4.292798153 -4.296637529
0.169463872 4.293810906 -4.297326045
0.1538295075 4.294748134 -4.297938974
0.1381924382 4.295609847 -4.298476331
0.1225529397 4.296396051 -4.29893813
0.1069112876 4.297106754 -4.299324383
0.09126775709 4.297741961 -4.2996351
0.07562262346 4.298301675 -4.299870293
0.05997616171 4.298785901 -4.300029969
0.04432864678 4.29919464 -4.300114136
0.02868035352 4.299527894 -4.300122802
0.01303155673 4.29978566 -4.30005597
-0.002617468857 4.299967939 -4.299913646
-0.01826644849 4.300074728 -4.299695832
-0.03391510742 4.300106022 -4.299402531
-0.04956317089 4.300061816 -4.299033742
-0.06521036407 4.299942106 -4.298589467
-0.08085641208 4.299746882 -4.298069702
-0.09650103991 4.299476138 -4.297474446
-0.1121439725 4.299129863 -4.296803694
-0.1277849345 4.298708047 -4.296057443
-0.1434236507 4.298210678 -4.295235684
-0.1590598453 4.297637743 -4.294338412
-0.1746932426 4.296989227 -4.293365617
-0.1903235666 4.296265115 -4.29231729
-0.205950541 4.295465392 -4.291193421
-0.2215738892 4.294590038 -4.289993997
-0.2371933345 4.293639036 -4.288719006
-0.2528085995 4.292612365 -4.287368432
-0.268419407 4.291510005 -4.285942261
-0.2840254789 4.290331932 -4.284440477
-0.299626537 4.289078124 -4.282863061
-0.3152223026 4.287748556 -4.281209994
-0.3308124967 4.286343202 -4.279481257
-0.3463968397 4.284862035 -4.277676829
-0.3619750515 4.283305027 -4.275796687
-0.3775468517 4.281672148 -4.273840807
-0.3931119591 4.279963369 -4.271809165
-0.4086700921 4.278178656 -4.269701735
-0.4242209686 4.276317979 -4.26751849
-0.4397643057 4.274381301 -4.265259402
-0.4552998201 4.272368589 -4.262924441
-0.4708272277 4.270279806 -4.260513578
-0.4863462438 4.268114914 -4.258026779
-0.5018565829 4.265873874 -4.255464013
-0.517357959 4.263556646 -4.252825245
-0.5328500852 4.26116319 -4.25011044
-0.5483326737 4.258693462 -4.247319561
-0.5638054363 4.256147419 -4.244452572
-0.5792680835 4.253525016 -4.241509432
-0.5947203254 4.250826208 -4.238490102
-0.610161871 4.248050946 -4.235394541
-0.6255924284 4.245199183 -4.232222706
-0.6410117048 4.242270868 -4.228974554
-0.6564194065 4.23926595 -4.225650039
-0.6718152388 4.236184379 -4.222249116
-0.687198906 4.233026099 -4.218771738
-0.7025701114 4.229791057 -4.215217855
-0.7179285572 4.226479196 -4.211587419
-0.7332739446 4.223090459 -4.207880377
-0.7486059736 4.219624789 -4.204096679
-0.7639243431 4.216082125 -4.200236271
-0.7792287508 4.212462406 -4.196299097
-0.7945188934 4.208765571 -4.192285103
-0.8097944661 4.204991555 -4.188194231
-0.825055163 4.201140294 -4.184026422
-0.8403006769 4.197211723 -4.179781617
-0.8555306994 4.193205773 -4.175459756
-0.8707449206 4.189122377 -4.171060775
-0.8859430293 4.184961463 -4.166584612
-0.9011247129 4.180722963 -4.162031202
-0.9162896574 4.176406801 -4.157400479
-0.9314375473 4.172012906 -4.152692376
-0.9465680657 4.167541202 -4.147906824
-0.961680894 4.162991612 -4.143043753
-0.9767757123 4.158364059 -4.138103093
-0.9918521989 4.153658464 -4.13308477
-1.006910031 4.148874746 -4.127988712
-1.021948882 4.144012823 -4.122814843
-1.036968428 4.139072613 -4.117563087
-1.051968339 4.134054031 -4.112233367
-1.066948285 4.128956992 -4.106825603
-1.081907935 4.123781407 -4.101339714
-1.096846954 4.118527189 -4.095775621
-1.111765008 4.113194247 -4.090133238
-1.126661759 4.107782491 -4.084412483
-1.141536867 4.102291827 -4.07861327
-1.156389992 4.096722162 -4.07273551
-1.17122079 4.0910734 -4.066779117
-1.186028916 4.085345443 -4.060744
-1.200814022 4.079538195 -4.054630069
-1.215575759 4.073651554 -4.048437229
-1.230313776 4.06768542 -4.042165389
-1.245027717 4.061639689 -4.035814452
-1.259717228 4.055514259 -4.029384321
-1.27438195 4.049309023 -4.022874899
-1.289021522 4.043023874 -4.016286086
-1.303635581 4.036658704 -4.009617781
-1.318223762 4.030213402 -4.002869881
-1.332785696 4.023687858 -3.996042283
-1.347321014 4.017081957 -3.989134881
-1.361829342 4.010395587 -3.982147568
-1.376310305 4.00362863 -3.975080237
-1.390763525 3.996780969 -3.967932777
-1.405188621 3.989852485 -3.960705078
-1.419585209 3.982843058 -3.953397027
-1.433952904 3.975752565 -3.946008509
-1.448291315 3.968580882 -3.938539408
-1.462600052 3.961327884 -3.930989609
-1.476878718 3.953993445 -3.923358991
-1.491126917 3.946577435 -3.915647435
-1.505344247 3.939079725 -3.907854819
-1.519530304 3.931500183 -3.89998102
-1.533684682 3.923838675 -3.892025912
-1.547806969 3.916095067 -3.88398937
-1.561896753 3.908269222 -3.875871265
-1.575953617 3.900361002 -3.867671467
-1.58997714 3.892370267 -3.859389846
-1.603966899 3.884296875 -3.851026269
-1.617922467 3.876140683 -3.842580601
-1.631843414 3.867901546 -3.834052706
-1.645729304 3.859579318 -3.825442447
-1.659579701 3.851173849 -3.816749684
-1.673394163 3.842684991 -3.807974277
-1.687172245 3.834112591 -3.799116082
-1.700913497 3.825456495 -3.790174956
-1.714617466 3.816716549 -3.781150752
-1.728283696 3.807892595 -3.772043323
-1.741911725 3.798984474 -3.76285252
-1.755501088 3.789992025 -3.753578191
-1.769051316 3.780915087 -3.744220185
-1.782561935 3.771753494 -3.734778345
-1.796032467 3.762507081 -3.725252517
-1.80946243 3.753175679 -3.715642541
-1.822851337 3.743759119 -3.705948259
-1.836198696 3.734257229 -3.696169509
-1.849504012 3.724669836 -3.686306127
-1.862766784 3.714996763 -3.676357949
-1.875986505 3.705237834 -3.666324807
-1.889162666 3.695392869 -3.656206533
-1.90229475 3.685461687 -3.646002956
-1.915382239 3.675444104 -3.635713903
-1.928424605 3.665339936 -3.625339201
-1.941421318 3.655148995 -3.614878674
-1.954371841 3.644871093 -3.604332143
-1.967275633 3.634506038 -3.593699428
-1.980132147 3.624053637 -3.582980348
-1.99294083 3.613513694 -3.572174719
-2.005701122 3.602886014 -3.561282355
-2.018412461 3.592170395 -3.550303069
-2.031074274 3.581366638 -3.539236672
-2.043685987 3.570474538 -3.528082971
-2.056247016 3.55949389 -3.516841773
-2.068756773 3.548424487 -3.505512884
-2.081214663 3.537266118 -3.494096105
-2.093620083 3.526018572 -3.482591237
-2.105972427 3.514681635 -3.470998079
-2.118271078 3.50325509 -3.459316427
-2.130515415 3.491738719 -3.447546075
-2.142704809 3.480132302 -3.435686817
-2.154838624 3.468435615 -3.423738442
-2.166916218 3.456648433 -3.411700738
-2.17893694 3.44477053 -3.399573493
-2.190900132 3.432801675 -3.387356489
-2.202805129 3.420741637 -3.375049509
-2.214651257 3.408590182 -3.362652333
-2.226437835 3.396347072 -3.350164738
-2.238164174 3.38401207 -3.337586501
-2.249829576 3.371584935 -3.324917393
-2.261433335 3.359065422 -3.312157187
-2.272974738 3.346453286 -3.299305651
-2.284453061 3.33374828 -3.286362553
-2.295867572 3.320950151 -3.273327657
-2.307217531 3.308058648 -3.260200725
-2.318502187 3.295073514 -3.246981517
-2.329720781 3.281994493 -3.233669792
-2.340872544 3.268821323 -3.220265304
-2.351956697 3.255553742 -3.206767808
-2.362972451 3.242191486 -3.193177055
-2.373919009 3.228734285 -3.179492793
-2.384795561 3.21518187 -3.165714769
-2.395601287 3.201533968 -3.151842727
-2.406335358 3.187790304 -3.137876409
-2.416996932 3.173950599 -3.123815555
-2.427585156 3.160014575 -3.109659902
-2.438099169 3.145981947 -3.095409185
-2.448538093 3.131852431 -3.081063137
-2.458901044 3.117625737 -3.066621488
-2.46918712 3.103301576 -3.052083966
-2.479395412 3.088879654 -3.037450297
-2.489524995 3.074359676 -3.022720203
-2.499574932 3.059741342 -3.007893407
-2.509544275 3.045024351 -2.992969625
-2.51943206 3.0302084 -2.977948575
-2.529237311 3.015293183 -2.96282997
-2.538959038 3.000278389 -2.947613521
-2.548596235 2.985163708 -2.932298938
-2.558147884 2.969948824 -2.916885928
-2.567612951 2.954633421 -2.901374194
-2.576990388 2.939217179 -2.885763438
-2.58627913 2.923699775 -2.87005336
-2.595478097 2.908080884 -2.854243658
-2.604586195 2.892360178 -2.838334026
-2.61360231 2.876537327 -2.822324156
-2.622525313 2.860611998 -2.80621374
-2.63135406 2.844583854 -2.790002463
-2.640087385 2.828452557 -2.773690014
-2.648724109 2.812217765 -2.757276073
-2.657263031 2.795879136 -2.740760323
-2.665702934 2.779436321 -2.724142443
-2.674042581 2.762888973 -2.707422108
-2.682280715 2.746236739 -2.690598993
-2.690416059 2.729479265 -2.673672769
-2.698447317 2.712616194 -2.656643108
-2.706373172 2.695647165 -2.639509676
-2.714192285 2.678571818 -2.62227214
-2.721903296 2.661389788 -2.604930162
-2.729504822 2.644100706 -2.587483404
-2.736995457 2.626704204 -2.569931526
-2.744373774 2.609199909 -2.552274185
-2.751638321 2.591587448 -2.534511037
-2.758787619 2.573866442 -2.516641736
-2.76582017 2.556036513 -2.498665933
-2.772734444 2.53809728 -2.480583279
-2.77952889 2.520048358 -2.462393422
-2.786201927 2.501889362 -2.444096009
-2.79275195 2.483619904 -2.425690686
-2.799177322 2.465239594 -2.407177096
-2.805476381 2.446748039 -2.388554881
-2.811647434 2.428144846 -2.369823684
-2.817688758 2.409429618 -2.350983143
-2.8235986 2.390601959 -2.332032898
-2.829375174 2.371661468 -2.312972586
-2.835016663 2.352607746 -2.293801844
-2.840521217 2.33344039 -2.274520308
-2.845886952 2.314158996 -2.255127614
-2.851111948 2.294763159 -2.235623397
-2.856194251 2.275252473 -2.21600729
-2.861131871 2.255626532 -2.196278929
-2.865922777 2.235884927 -2.176437948
-2.870564904 2.21602725 -2.156483981
-2.875056146 2.196053092 -2.136416662
-2.879394355 2.175962043 -2.116235627
-2.883577344 2.155753694 -2.095940512
-2.887602883 2.135427635 -2.075530953
-2.891468696 2.114983458 -2.055006588
-2.895172466 2.094420752 -2.034367056
-2.898711827 2.073739111 -2.013611998
-2.902084369 2.052938126 -1.992741058
-2.90528763 2.032017392 -1.97175388
-2.9083191 2.010976504 -1.950650111
-2.911176219 1.98981506 -1.929429403
-2.913856373 1.968532659 -1.908091408
-2.916356895 1.947128903 -1.886635784
-2.918675063 1.925603397 -1.865062193
-2.920808097 1.903955747 -1.843370299
-2.92275316 1.882185567 -1.821559773
-2.924507353 1.860292472 -1.799630291
-2.926067718 1.838276081 -1.777581534
-2.927431231 1.81613602 -1.75541319
-2.928594804 1.79387192 -1.733124954
-2.929555283 1.771483416 -1.710716527
-2.930309444 1.748970153 -1.688187621
-2.930853991 1.726331781 -1.665537954
-2.931185556 1.703567959 -1.642767254
-2.931300696 1.680678353 -1.61987526
-2.931195892 1.657662641 -1.596861722
-2.930867543 1.634520509 -1.5737264
-2.930311968 1.611251655 -1.55046907
-2.929525401 1.587855788 -1.527089519
-2.928503989 1.564332631 -1.503587548
-2.927243791 1.54068192 -1.479962978
-2.925740772 1.516903407 -1.456215641
-2.923990804 1.492996858 -1.432345392
-2.921989661 1.468962059 -1.408352102
-2.919733016 1.444798813 -1.384235664
-2.917216439 1.420506941 -1.359995993
-2.914435393 1.39608629 -1.335633028
-2.911385231 1.371536725 -1.311146732
-2.908061193 1.346858139 -1.286537095
-2.904458402 1.322050449 -1.261804137
-2.900571861 1.297113602 -1.236947908
-2.896396447 1.272047573 -1.211968488
-2.891926912 1.246852372 -1.186865997
-2.887157873 1.221528039 -1.161640587
-2.882083813 1.196074656 -1.136292453
-2.876699075 1.170492339 -1.110821831
-2.870997855 1.14478125 -1.085229001
-2.864974202 1.118941594 -1.059514292
-2.85862201 1.092973625 -1.033678083
-2.851935014 1.066877645 -1.00772081
-2.844906786 1.040654015 -0.9816429642
-2.837530729 1.01430315 -0.9554450986
-2.829800072 0.9878255295 -0.9291278331
-2.821707864 0.9612216991 -0.902691857
-2.813246968 0.9344922745 -0.8761379342
-2.804410058 0.9076379471 -0.8494669082
-2.79518961 0.8806594888 -0.8226797069
-2.785577897 0.8535577575 -0.7957773484
-2.775566981 0.8263337026 -0.768760947
-2.765148713 0.7989883716 -0.741631719
-2.754314716 0.7715229163 -0.71439099
-2.743056388 0.7439385997 -0.6870402016
-2.731364891 0.716236804 -0.6595809191
-2.719231141 0.6884190381 -0.6320148399
-2.706645808 0.6604869461 -0.6043438018
-2.693599302 0.632442317 -0.5765697924
-2.680081771 0.6042870937 -0.5486949592
-2.66608309 0.5760233839 -0.5207216198
-2.651592854 0.5476534708 -0.4926522734
-2.636600375 0.5191798253 -0.4644896124
-2.621094666 0.4906051187 -0.4362365361
-2.605064444 0.4619322358 -0.4078961633
-2.588498114 0.4331642899 -0.3794718478
-2.571383767 0.4043046378 -0.3509671935
-2.553709173 0.3753568967 -0.3223860712
-2.535461771 0.3463249615 -0.2937326364
-2.516628668 0.3172130239 -0.2650113482
-2.497196629 0.2880255923 -0.2362269896
-2.477152074 0.2587675134 -0.2073846889
-2.456481073 0.2294439949 -0.1784899428
-2.435169345 0.2000606302 -0.1495486409
-2.413202251 0.1706234241 -0.1205670917
-2.390564798 0.1411388209 -0.09155205034
-2.367241634 0.1116137333 -0.06251074819
-2.343217056 0.08205557456 -0.03345092408
-2.318475008 0.0524722912 -0.004380857624
-2.292999091 0.02287239873 0.02469059551
-2.266772568 -0.006734980944 0.05375396626
-2.239778379 -0.03634007975 0.08279913269
-2.211999156 -0.06593244148 0.1118152783
-2.183417239 -0.09550087753 0.1407908482
-2.1540147 -0.1250334202 0.1697135028
-2.12377337 -0.154517274 0.1985700697
-2.092674877 -0.1839387639 0.2273464929
-2.06070068 -0.2132832825 0.2560277803
-2.027832119 -0.2425352341 0.2845979492
-1.994050468 -0.2716779772 0.3130399695
-1.959336997 -0.3006937652 0.3413357065
-1.92367305 -0.3295636864 0.369465861
-1.887040121 -0.3582676016 0.3974099103
-1.849419954 -0.3867840828 0.4251460476
-1.810794648 -0.4150903513 0.452651123
-1.771146782 -0.443162217 0.4799005849
-1.730459545 -0.4709740198 0.5068684246
-1.688716895 -0.4984985742 0.5335271236
-1.645903726 -0.5257071179 0.5598476065
-1.602006054 -0.5525692676 0.5857992
-1.557011223 -0.5790529819 0.6113495999
-1.510908134 -0.6051245342 0.6364648497
-1.463687482 -0.6307484988 0.6611093304
-1.415342028 -0.6558877509 0.6852457672
-1.365866874 -0.6805034853 0.7088352533
-1.315259763 -0.7045552554 0.7318372952
-1.263521396 -0.7280010366 0.7542098829
-1.210655752 -0.7507973164 0.7759095866
-1.156670424 -0.7728992162 0.7968916848
-1.101576956 -0.7942606453 0.8171103266
-1.045391175 -0.8148344926 0.836518729
-0.9881335111 -0.8345728567 0.8550694146
-0.9298293057 -0.8534273169 0.8727144881
-0.8705090839 -0.8713492444 0.8894059539
-0.8102087919 -0.8882901558 0.9050960745
-0.7489699839 -0.9042021048 0.9197377651
-0.6868399482 -0.9190381094 0.933285025
-0.6238717608 -0.9327526105 0.9456933959
-0.5601242571 -0.9453019535 0.9569204435
-0.4956619126 -0.9566448847 0.9669262515
-0.4305546246 -0.9667430525 0.9756739183
-0.3648773929 -0.9755615009 0.9831300435
-0.298709896 -0.9830691423 0.9892651923
-0.2321359676 -0.9892391972 0.9940543241
-0.1652429783 -0.9940495856 0.9974771713
-0.09812113484 -0.9974832595 0.9995185569
-0.0308627094 -0.9995284635 1.000168639
0.03643878217 -1.000178916 0.999423077
0.1036894338 -0.9994339024 0.9972831035
0.1707958124 -0.997298282 0.9937555155
0.2376658096 -0.9937824 0.9888525692
0.3042094585 -0.9889019167 0.9825917909
0.3703396989 -0.9826775549 0.9749957093
0.4359730698 -0.9751347753 0.9660915163
0.501030319 -0.9663033925 0.9559106705
0.5654369171 -0.9562171427 0.9444884539
0.6291234702 -0.9449132163 0.9318634963
0.6920260302 -0.9324317698 0.9180772808
0.754086302 -0.9188154293 0.9031736427
0.8152517546 -0.9041087974 0.8871982741
0.8754756401 -0.888357974 0.8701982447
0.9347169331 -0.8716100995 0.8522215457
0.992940198 -0.8539129284 0.8333166669
1.050115397 -0.8353144371 0.8135322076
1.106217649 -0.8158624704 0.7929165286
1.161226953 -0.7956044273 0.771517444
1.215127879 -0.7745869892 0.7493819551
1.267909248 -0.7528558858 0.7265560236
1.319563796 -0.7304557016 0.7030843845
1.37008784 -0.707429717 0.6790103948
1.419480942 -0.6838197838 0.6543759152
1.467745592 -0.6596662305 0.6292212227
1.514886889 -0.6350077952 0.6035849496
1.560912247 -0.6098815827 0.5775040469
1.605831117 -0.5843230417 0.5510137672
1.649654723 -0.5583659605 0.524147666
1.69239582 -0.5320424778 0.4969376176
1.734068473 -0.5053831059 0.4694138423
1.774687851 -0.4784167639 0.4416049446
1.814270044 -0.4511708193 0.4135379585
1.852831891 -0.4236711363 0.3852383986
1.890390833 -0.3959421278 0.3567303162
1.926964779 -0.3680068118 0.3280363578
1.962571981 -0.3398868697 0.2991778261
1.997230934 -0.3116027054 0.2701747415
2.030960275 -0.2831735056 0.2410459041
2.063778709 -0.2546172995 0.2118089551
2.09570493 -0.2259510172 0.1824804368
2.126757564 -0.1971905481 0.1530758521
2.156955111 -0.1683507963 0.1236097216
2.186315904 -0.1394457356 0.0940956388
2.214858065 -0.1104884617 0.06454632337
2.242599476 -0.08149124223 0.03497367213
2.269557748 -0.05246556522 0.005388807728
2.295750203 -0.02342218472 -0.02419787502
2.32119385 0.005628835423 -0.05377666512
2.345905374 0.03467808019 -0.08333849364
2.369901127 0.06371674412 -0.1128748943
2.393197112 0.09273659425 -0.1423779661
2.415808985 0.121729935 -0.1718403381
2.437752048 0.1506895751 -0.2012551366
2.459041245 0.1796087966 -0.2306159535
2.479691169 0.2084813253 -0.2599168174
2.499716052 0.2373013035 -0.2891521658
2.51912978 0.2660632639 -0.3183168194
2.537945887 0.2947621053 -0.3474059577
2.556177564 0.3233930698 -0.3764150964
2.573837662 0.3519517215 -0.4053400662
2.5909387 0.3804339261 -0.4341769925
2.607492868 0.4088358324 -0.4629222769
2.623512035 0.4371538545 -0.4915725799
2.639007757 0.4653846553 -0.5201248038
2.653991282 0.4935251311 -0.5485760784
2.668473558 0.5215723967 -0.5769237455
2.682465241 0.5495237722 -0.6051653463
2.6959767 0.5773767703 -0.6332986085
2.709018028 0.6051290839 -0.6613214345
2.721599045 0.6327785753 -0.6892318902
2.733729311 0.6603232658 -0.7170281951
2.745418126 0.6877613254 -0.7447087124
2.756674544 0.7150910643 -0.7722719397
2.767507377 0.7423109234 -0.7997165011
2.7779252 0.7694194673 -0.8270411387
2.787936362 0.7964153756 -0.8542447056
2.797548989 0.8232974367 -0.8813261586
2.806770995 0.8500645407 -0.9082845519
2.815610082 0.8767156732 -0.9351190309
2.824073752 0.9032499095 -0.9618288266
2.83216931 0.9296664091 -0.9884132499
2.839903871 0.9559644106 -1.014871687
2.847284365 0.9821432268 -1.041203595
2.854317545 1.00820224 -1.067408495
2.861009988 1.034140898 -1.093485973
2.867368105 1.059958711 -1.11943567
2.873398141 1.085655244 -1.145257282
2.879106186 1.11123012 -1.170950558
2.884498175 1.136683009 -1.196515292
2.889579895 1.162013632 -1.221951324
2.894356988 1.187221753 -1.247258534
2.898834956 1.212307177 -1.272436844
2.903019168 1.237269751 -1.297486209
2.906914859 1.262109357 -1.322406622
2.910527136 1.286825911 -1.347198105
2.913860985 1.311419365 -1.371860712
2.916921269 1.335889697 -1.396394523
2.919712737 1.360236918 -1.420799646
2.922240024 1.384461061 -1.445076212
2.924507656 1.408562188 -1.469224376
2.926520051 1.432540384 -1.493244314
2.928281526 1.456395753 -1.51713622
2.929796297 1.480128422 -1.54090031
2.931068483 1.503738537 -1.564536814
2.932102107 1.527226263 -1.58804598
2.932901103 1.550591779 -1.611428069
2.933469313 1.573835281 -1.634683357
2.933810495 1.59695698 -1.657812134
2.933928323 1.619957102 -1.680814699
2.933826387 1.642835881 -1.703691365
2.933508201 1.665593569 -1.726442452
2.9329772 1.688230423 -1.749068292
2.932236744 1.710746715 -1.771569225
2.93129012 1.733142723 -1.793945598
2.930140547 1.755418737 -1.816197766
2.928791173 1.777575051 -1.83832609
2.927245079 1.799611969 -1.860330938
2.925505281 1.821529803 -1.882212684
2.923574734 1.843328868 -1.903971704
2.921456328 1.865009488 -1.925608383
2.919152896 1.88657199 -1.947123106
2.916667211 1.908016707 -1.968516263
2.914001991 1.929343977 -1.989788248
2.911159898 1.950554139 -2.010939458
2.90814354 1.97164754 -2.031970291
2.904955472 1.992624526 -2.052881148
2.901598201 2.013485448 -2.073672432
2.898074182 2.03423066 -2.094344546
2.894385823 2.054860517 -2.114897897
2.890535482 2.075375377 -2.13533289
2.886525477 2.095775598 -2.155649933
2.882358075 2.116061542 -2.175849433
2.878035504 2.136233569 -2.195931799
2.873559948 2.156292042 -2.215897437
2.86893355 2.176237325 -2.235746755
2.864158412 2.196069781 -2.255480162
2.859236598 2.215789774 -2.275098064
2.854170133 2.235397669 -2.294600866
2.848961005 2.254893828 -2.313988974
2.843611164 2.274278618 -2.333262793
2.838122527 2.2935524 -2.352422726
2.832496975 2.312715538 -2.371469175
2.826736356 2.331768394 -2.39040254
2.820842483 2.35071133 -2.409223221
2.81481714 2.369544706 -2.427931616
2.808662077 2.388268883 -2.44652812
2.802379013 2.406884218 -2.465013127
2.79596964 2.425391069 -2.483387031
2.789435618 2.443789793 -2.501650222
2.78277858 2.462080744 -2.519803087
2.77600013 2.480264275 -2.537846015
2.769101846 2.498340737 -2.555779389
2.762085278 2.516310482 -2.573603591
2.75495195 2.534173857 -2.591319001
2.747703364 2.551931209 -2.608925998
2.740340991 2.569582883 -2.626424957
2.732866284 2.587129222 -2.64381625
2.725280669 2.604570567 -2.661100249
2.717585548 2.621907257 -2.678277322
2.709782304 2.63913963 -2.695347834
2.701872293 2.65626802 -2.712312149
2.693856854 2.673292761 -2.729170628
2.685737301 2.690214184 -2.745923629
2.67751493 2.707032617 -2.762571508
2.669191016 2.723748387 -2.779114618
2.660766814 2.740361819 -2.795553309
2.652243558 2.756873235 -2.81188793
2.643622467 2.773282955 -2.828118825
2.634904737 2.789591297 -2.844246338
2.626091548 2.805798576 -2.860270808
2.617184064 2.821905107 -2.876192573
2.608183427 2.837911198 -2.892011967
2.599090766 2.853817161 -2.907729323
2.589907192 2.8696233 -2.92334497
2.580633799 2.885329919 -2.938859234
2.571271667 2.900937322 -2.954272441
2.561821857 2.916445805 -2.96958491
2.552285417 2.931855668 -2.984796961
2.542663381 2.947167204 -2.99990891
2.532956766 2.962380706 -3.01492107
2.523166575 2.977496463 -3.029833752
2.513293799 2.992514763 -3.044647264
2.503339411 3.007435891 -3.059361912
2.493304375 3.022260131 -3.073977998
2.483189638 3.036987762 -3.088495822
2.472996138 3.051619063 -3.102915682
2.462724796 3.066154309 -3.117237873
2.452376523 3.080593774 -3.131462687
2.441952216 3.094937729 -3.145590413
2.431452764 3.109186443 -3.15962134
2.420879038 3.123340182 -3.173555751
2.410231903 3.13739921 -3.187393929
2.39951221 3.151363789 -3.201136153
2.388720798 3.165234178 -3.214782699
2.377858499 3.179010635 -3.228333842
2.366926129 3.192693414 -3.241789854
2.355924498 3.206282768 -3.255151005
2.344854404 3.219778947 -3.26841756
2.333716635 3.233182199 -3.281589785
2.322511968 3.24649277 -3.294667941
2.311241172 3.259710904 -3.307652288
2.299905005 3.272836841 -3.320543083
2.288504218 3.285870821 -3.333340579
2.277039551 3.29881308 -3.34604503
2.265511734 3.311663853 -3.358656685
2.253921491 3.324423373 -3.371175792
2.242269535 3.337091869 -3.383602595
2.230556571 3.349669569 -3.395937337
2.218783296 3.3621567 -3.408180259
2.2069504 3.374553485 -3.420331597
2.195058563 3.386860146 -3.432391589
2.183108457 3.399076902 -3.444360468
2.171100748 3.41120397 -3.456238463
2.159036093 3.423241565 -3.468025805
2.146915142 3.435189901 -3.47972272
2.134738538 3.447049189 -3.491329432
2.122506917 3.458819637 -3.502846163
2.110220905 3.470501453 -3.514273134
2.097881126 3.48209484 -3.525610561
2.085488193 3.493600003 -3.536858661
2.073042714 3.505017141 -3.548017646
2.060545291 3.516346454 -3.559087728
2.047996518 3.527588137 -3.570069117
2.035396984 3.538742387 -3.580962018
2.022747271 3.549809395 -3.591766637
2.010047955 3.560789353 -3.602483176
1.997299606 3.571682449 -3.613111837
1.984502788 3.58248887 -3.623652818
1.971658059 3.593208802 -3.634106315
1.958765973 3.603842426 -3.644472523
1.945827075 3.614389925 -3.654751634
1.932841907 3.624851478 -3.664943839
1.919811006 3.635227261 -3.675049326
1.906734901 3.645517451 -3.685068283
1.893614119 3.655722221 -3.695000892
1.88044918 3.665841743 -3.704847338
1.867240599 3.675876187 -3.7146078
1.853988885 3.685825721 -3.724282458
1.840694545 3.695690512 -3.733871488
1.82735808 3.705470723 -3.743375065
1.813979984 3.715166518 -3.752793362
1.800560749 3.724778057 -3.76212655
1.787100862 3.7343055 -3.771374798
1.773600805 3.743749004 -3.780538275
1.760061056 3.753108725 -3.789617145
1.746482088 3.762384816 -3.798611572
1.73286437 3.771577431 -3.807521718
1.719208368 3.780686719 -3.816347744
1.705514541 3.789712829 -3.825089807
1.691783348 3.798655908 -3.833748064
1.678015241 3.807516102 -3.84232267
1.664210668 3.816293554 -3.850813778
1.650370076 3.824988407 -3.85922154
1.636493904 3.833600801 -3.867546105
1.622582592 3.842130874 -3.87578762
1.608636573 3.850578764 -3.883946232
1.594656277 3.858944607 -3.892022085
1.580642131 3.867228535 -3.900015322
1.566594559 3.875430682 -3.907926085
1.55251398 3.883551178 -3.915754512
1.538400812 3.891590153 -3.923500741
1.524255467 3.899547733 -3.931164908
1.510078356 3.907424045 -3.938747148
1.495869887 3.915219212 -3.946247594
1.481630461 3.922933359 -3.953666377
1.467360481 3.930566606 -3.961003626
1.453060345 3.938119073 -3.968259469
1.438730446 3.945590878 -3.975434033
1.424371177 3.952982138 -3.982527443
1.409982927 3.960292968 -3.989539822
1.395566082 3.967523482 -3.996471292
1.381121025 3.974673792 -4.003321972