42 2
43 2
44 2
45 2
46 2
47 2
48 2
49 2
50 2
51 2
52 2
53 2
54 2
55 2
56 2
57 2
58 2
38 3
39 3
40 3
41 3
42 3
43 3
44 3
45 3
46 3
47 3
48 3
49 3
50 3
51 3
52 3
53 3
54 3
55 3
56 3
57 3
58 3
59 3
60 3
61 3
62 3
36 4
37 4
38 4
39 4
40 4
41 4
42 4
43 4
44 4
45 4
46 4
47 4
48 4
49 4
50 4
51 4
52 4
53 4
54 4
55 4
56 4
57 4
58 4
59 4
60 4
61 4
62 4
63 4
64 4
33 5
34 5
35 5
36 5
37 5
38 5
39 5
40 5
41 5
42 5
43 5
44 5
45 5
46 5
47 5
48 5
49 5
50 5
51 5
52 5
53 5
54 5
55 5
56 5
57 5
58 5
59 5
60 5
61 5
62 5
63 5
64 5
65 5
66 5
67 5
32 6
33 6
34 6
35 6
36 6
37 6
38 6
39 6
40 6
41 6
42 6
43 6
44 6
45 6
46 6
47 6
48 6
49 6
50 6
51 6
52 6
53 6
54 6
55 6
56 6
57 6
58 6
59 6
60 6
61 6
62 6
63 6
64 6
65 6
66 6
67 6
68 6
30 7
31 7
32 7
33 7
34 7
35 7
36 7
37 7
38 7
39 7
40 7
41 7
42 7
43 7
44 7
45 7
46 7
47 7
48 7
49 7
50 7
51 7
52 7
53 7
54 7
55 7
56 7
57 7
58 7
59 7
60 7
61 7
62 7
63 7
64 7
65 7
66 7
67 7
68 7
69 7
70 7
28 8
29 8
30 8
31 8
32 8
33 8
34 8
35 8
36 8
37 8
38 8
39 8
40 8
41 8
42 8
43 8
44 8
45 8
46 8
47 8
48 8
49 8
50 8
51 8
52 8
53 8
54 8
55 8
56 8
57 8
58 8
59 8
60 8
61 8
62 8
63 8
64 8
65 8
66 8
67 8
68 8
69 8
70 8
71 8
72 8
27 9
28 9
29 9
30 9
31 9
32 9
33 9
34 9
35 9
36 9
37 9
38 9
39 9
40 9
41 9
42 9
43 9
44 9
45 9
46 9
47 9
48 9
49 9
50 9
51 9
52 9
53 9
54 9
55 9
56 9
57 9
58 9
59 9
60 9
61 9
62 9
63 9
64 9
65 9
66 9
67 9
68 9
69 9
70 9
71 9
72 9
73 9
26 10
27 10
28 10
29 10
30 10
31 10
32 10
33 10
34 10
35 10
36 10
37 10
38 10
39 10
40 10
41 10
42 10
43 10
44 10
45 10
46 10
47 10
48 10
49 10
50 10
51 10
52 10
53 10
54 10
55 10
56 10
57 10
58 10
59 10
60 10
61 10
62 10
63 10
64 10
65 10
66 10
67 10
68 10
69 10
70 10
71 10
72 10
73 10
74 10
25 11
26 11
27 11
28 11
29 11
30 11
31 11
32 11
33 11
34 11
35 11
36 11
37 11
38 11
39 11
40 11
41 11
42 11
43 11
44 11
45 11
46 11
47 11
48 11
49 11
50 11
51 11
52 11
53 11
54 11
55 11
56 11
57 11
58 11
59 11
60 11
61 11
62 11
63 11
64 11
65 11
66 11
67 11
68 11
69 11
70 11
71 11
72 11
73 11
74 11
75 11
23 12
24 12
25 12
26 12
27 12
28 12
29 12
30 12
31 12
32 12
33 12
34 12
35 12
36 12
37 12
38 12
39 12
40 12
41 12
42 12
43 12
44 12
45 12
46 12
47 12
48 12
49 12
50 12
51 12
52 12
53 12
54 12
55 12
56 12
57 12
58 12
59 12
60 12
61 12
62 12
63 12
64 12
65 12
66 12
67 12
68 12
69 12
70 12
71 12
72 12
73 12
74 12
75 12
76 12
77 12
22 13
23 13
24 13
25 13
26 13
27 13
28 13
29 13
30 13
31 13
32 13
33 13
34 13
35 13
36 13
37 13
38 13
39 13
40 13
41 13
42 13
43 13
44 13
45 13
46 13
47 13
48 13
49 13
50 13
51 13
52 13
53 13
54 13
55 13
56 13
57 13
58 13
59 13
60 13
61 13
62 13
63 13
64 13
65 13
66 13
67 13
68 13
69 13
70 13
71 13
72 13
73 13
74 13
75 13
76 13
77 13
78 13
22 14
23 14
24 14
25 14
26 14
27 14
28 14
29 14
30 14
31 14
32 14
33 14
34 14
35 14
36 14
37 14
38 14
39 14
40 14
41 14
42 14
43 14
44 14
45 14
46 14
47 14
48 14
49 14
50 14
51 14
52 14
53 14
54 14
55 14
56 14
57 14
58 14
59 14
60 14
61 14
62 14
63 14
64 14
65 14
66 14
67 14
68 14
69 14
70 14
71 14
72 14
73 14
74 14
75 14
76 14
77 14
78 14
21 15
22 15
23 15
24 15
25 15
26 15
27 15
28 15
29 15
30 15
31 15
32 15
33 15
34 15
35 15
36 15
37 15
38 15
39 15
40 15
41 15
42 15
43 15
44 15
45 15
46 15
47 15
48 15
49 15
50 15
51 15
52 15
53 15
54 15
55 15
56 15
57 15
58 15
59 15
60 15
61 15
62 15
63 15
64 15
65 15
66 15
67 15
68 15
69 15
70 15
71 15
72 15
73 15
74 15
75 15
76 15
77 15
78 15
79 15
20 16
21 16
22 16
23 16
24 16
25 16
26 16
27 16
28 16
29 16
30 16
31 16
32 16
33 16
34 16
35 16
36 16
37 16
38 16
39 16
40 16
41 16
42 16
43 16
44 16
45 16
55 16
56 16
57 16
58 16
59 16
60 16
61 16
62 16
63 16
64 16
65 16
66 16
67 16
68 16
69 16
70 16
71 16
72 16
73 16
74 16
75 16
76 16
77 16
78 16
79 16
80 16
19 17
20 17
21 17
22 17
23 17
24 17
25 17
26 17
27 17
28 17
29 17
30 17
31 17
32 17
33 17
34 17
35 17
36 17
37 17
38 17
39 17
40 17
41 17
42 17
58 17
59 17
60 17
61 17
62 17
63 17
64 17
65 17
66 17
67 17
68 17
69 17
70 17
71 17
72 17
73 17
74 17
75 17
76 17
77 17
78 17
79 17
80 17
81 17
18 18
19 18
20 18
21 18
22 18
23 18
24 18
25 18
26 18
27 18
28 18
29 18
30 18
31 18
32 18
33 18
34 18
35 18
36 18
37 18
38 18
39 18
61 18
62 18
63 18
64 18
65 18
66 18
67 18
68 18
69 18
70 18
71 18
72 18
73 18
74 18
75 18
76 18
77 18
78 18
79 18
80 18
81 18
82 18
18 19
19 19
20 19
21 19
22 19
23 19
24 19
25 19
26 19
27 19
28 19
29 19
30 19
31 19
32 19
33 19
34 19
35 19
36 19
37 19
63 19
64 19
65 19
66 19
67 19
68 19
69 19
70 19
71 19
72 19
73 19
74 19
75 19
76 19
77 19
78 19
79 19
80 19
81 19
82 19
17 20
18 20
19 20
20 20
21 20
22 20
23 20
24 20
25 20
26 20
27 20
28 20
29 20
30 20
31 20
32 20
33 20
34 20
35 20
36 20
64 20
65 20
66 20
67 20
68 20
69 20
70 20
71 20
72 20
73 20
74 20
75 20
76 20
77 20
78 20
79 20
80 20
81 20
82 20
83 20
17 21
18 21
19 21
20 21
21 21
22 21
23 21
24 21
25 21
26 21
27 21
28 21
29 21
30 21
31 21
32 21
33 21
34 21
66 21
67 21
68 21
69 21
70 21
71 21
72 21
73 21
74 21
75 21
76 21
77 21
78 21
79 21
80 21
81 21
82 21
83 21
16 22
17 22
18 22
19 22
20 22
21 22
22 22
23 22
24 22
25 22
26 22
27 22
28 22
29 22
30 22
31 22
32 22
33 22
67 22
68 22
69 22
70 22
71 22
72 22
73 22
74 22
75 22
76 22
77 22
78 22
79 22
80 22
81 22
82 22
83 22
84 22
15 23
16 23
17 23
18 23
19 23
20 23
21 23
22 23
23 23
24 23
25 23
26 23
27 23
28 23
29 23
30 23
31 23
32 23
68 23
69 23
70 23
71 23
72 23
73 23
74 23
75 23
76 23
77 23
78 23
79 23
80 23
81 23
82 23
83 23
84 23
85 23
15 24
16 24
17 24
18 24
19 24
20 24
21 24
22 24
23 24
24 24
25 24
26 24
27 24
28 24
29 24
30 24
31 24
69 24
70 24
71 24
72 24
73 24
74 24
75 24
76 24
77 24
78 24
79 24
80 24
81 24
82 24
83 24
84 24
85 24
15 25
16 25
17 25
18 25
19 25
20 25
21 25
22 25
23 25
24 25
25 25
26 25
27 25
28 25
29 25
30 25
70 25
71 25
72 25
73 25
74 25
75 25
76 25
77 25
78 25
79 25
80 25
81 25
82 25
83 25
84 25
85 25
14 26
15 26
16 26
17 26
18 26
19 26
20 26
21 26
22 26
23 26
24 26
25 26
26 26
27 26
28 26
29 26
30 26
70 26
71 26
72 26
73 26
74 26
75 26
76 26
77 26
78 26
79 26
80 26
81 26
82 26
83 26
84 26
85 26
86 26
14 27
15 27
16 27
17 27
18 27
19 27
20 27
21 27
22 27
23 27
24 27
25 27
26 27
27 27
28 27
29 27
71 27
72 27
73 27
74 27
75 27
76 27
77 27
78 27
79 27
80 27
81 27
82 27
83 27
84 27
85 27
86 27
14 28
15 28
16 28
17 28
18 28
19 28
20 28
21 28
22 28
23 28
24 28
25 28
26 28
27 28
28 28
72 28
73 28
74 28
75 28
76 28
77 28
78 28
79 28
80 28
81 28
82 28
83 28
84 28
85 28
86 28
13 29
14 29
15 29
16 29
17 29
18 29
19 29
20 29
21 29
22 29
23 29
24 29
25 29
26 29
27 29
28 29
72 29
73 29
74 29
75 29
76 29
77 29
78 29
79 29
80 29
81 29
82 29
83 29
84 29
85 29
86 29
87 29
13 30
14 30
15 30
16 30
17 30
18 30
19 30
20 30
21 30
22 30
23 30
24 30
25 30
26 30
27 30
73 30
74 30
75 30
76 30
77 30
78 30
79 30
80 30
81 30
82 30
83 30
84 30
85 30
86 30
87 30
13 31
14 31
15 31
16 31
17 31
18 31
19 31
20 31
21 31
22 31
23 31
24 31
25 31
26 31
27 31
73 31
74 31
75 31
76 31
77 31
78 31
79 31
80 31
81 31
82 31
83 31
84 31
85 31
86 31
87 31
13 32
14 32
15 32
16 32
17 32
18 32
19 32
20 32
21 32
22 32
23 32
24 32
25 32
26 32
27 32
73 32
74 32
75 32
76 32
77 32
78 32
79 32
80 32
81 32
82 32
83 32
84 32
85 32
86 32
87 32
13 33
14 33
15 33
16 33
17 33
18 33
19 33
20 33
21 33
22 33
23 33
24 33
25 33
26 33
74 33
75 33
76 33
77 33
78 33
79 33
80 33
81 33
82 33
83 33
84 33
85 33
86 33
87 33
13 34
14 34
15 34
16 34
17 34
18 34
19 34
20 34
21 34
22 34
23 34
24 34
25 34
26 34
74 34
75 34
76 34
77 34
78 34
79 34
80 34
81 34
82 34
83 34
84 34
85 34
86 34
87 34
13 35
14 35
15 35
16 35
17 35
18 35
19 35
20 35
21 35
22 35
23 35
24 35
25 35
26 35
74 35
75 35
76 35
77 35
78 35
79 35
80 35
81 35
82 35
83 35
84 35
85 35
86 35
87 35
14 36
15 36
16 36
17 36
18 36
19 36
20 36
21 36
22 36
23 36
24 36
25 36
26 36
74 36
75 36
76 36
77 36
78 36
79 36
80 36
81 36
82 36
83 36
84 36
85 36
86 36
14 37
15 37
16 37
17 37
18 37
19 37
20 37
21 37
22 37
23 37
24 37
25 37
75 37
76 37
77 37
78 37
79 37
80 37
81 37
82 37
83 37
84 37
85 37
86 37
15 38
16 38
17 38
18 38
19 38
20 38
21 38
22 38
23 38
24 38
25 38
75 38
76 38
77 38
78 38
79 38
80 38
81 38
82 38
83 38
84 38
85 38
16 39
17 39
18 39
19 39
20 39
21 39
22 39
23 39
24 39
25 39
26 39
27 39
28 39
29 39
30 39
31 39
32 39
33 39
34 39
35 39
36 39
37 39
38 39
39 39
40 39
41 39
42 39
43 39
44 39
45 39
46 39
47 39
48 39
49 39
50 39
51 39
52 39
53 39
54 39
55 39
56 39
57 39
58 39
59 39
60 39
61 39
62 39
63 39
64 39
65 39
66 39
67 39
68 39
69 39
70 39
71 39
72 39
73 39
74 39
75 39
76 39
77 39
78 39
79 39
80 39
81 39
82 39
83 39
84 39
0 40
1 40
2 40
3 40
4 40
5 40
6 40
7 40
8 40
9 40
10 40
11 40
12 40
13 40
14 40
15 40
16 40
17 40
18 40
19 40
20 40
21 40
22 40
23 40
24 40
25 40
26 40
27 40
28 40
29 40
30 40
31 40
69 40
70 40
71 40
72 40
73 40
74 40
75 40
76 40
77 40
78 40
79 40
80 40
81 40
82 40
83 40
84 40
85 40
86 40
87 40
88 40
89 40
90 40
91 40
92 40
93 40
94 40
95 40
96 40
97 40
98 40
99 40
0 41
1 41
2 41
3 41
4 41
5 41
6 41
7 41
8 41
9 41
10 41
11 41
12 41
13 41
14 41
15 41
16 41
17 41
18 41
19 41
20 41
21 41
22 41
23 41
24 41
25 41
26 41
74 41
75 41
76 41
77 41
78 41
79 41
80 41
81 41
82 41
83 41
84 41
85 41
86 41
87 41
88 41
89 41
90 41
91 41
92 41
93 41
94 41
95 41
96 41
97 41
98 41
99 41
4 42
5 42
6 42
7 42
8 42
9 42
10 42
11 42
12 42
13 42
14 42
15 42
16 42
17 42
18 42
19 42
20 42
21 42
22 42
23 42
24 42
25 42
26 42
74 42
75 42
76 42
77 42
78 42
79 42
80 42
81 42
82 42
83 42
84 42
85 42
86 42
87 42
88 42
89 42
90 42
91 42
92 42
93 42
94 42
95 42
96 42
7 43
8 43
9 43
10 43
11 43
12 43
13 43
14 43
15 43
16 43
17 43
18 43
19 43
20 43
21 43
22 43
23 43
24 43
25 43
26 43
74 43
75 43
76 43
77 43
78 43
79 43
80 43
81 43
82 43
83 43
84 43
85 43
86 43
87 43
88 43
89 43
90 43
91 43
92 43
93 43
8 44
9 44
10 44
11 44
12 44
13 44
14 44
15 44
16 44
17 44
18 44
19 44
20 44
21 44
22 44
23 44
24 44
25 44
26 44
74 44
75 44
76 44
77 44
78 44
79 44
80 44
81 44
82 44
83 44
84 44
85 44
86 44
87 44
88 44
89 44
90 44
91 44
92 44
9 45
10 45
11 45
12 45
13 45
14 45
15 45
16 45
17 45
18 45
19 45
20 45
21 45
22 45
23 45
24 45
25 45
26 45
74 45
75 45
76 45
77 45
78 45
79 45
80 45
81 45
82 45
83 45
84 45
85 45
86 45
87 45
88 45
89 45
90 45
91 45
10 46
11 46
12 46
13 46
14 46
15 46
16 46
17 46
18 46
19 46
20 46
21 46
22 46
23 46
24 46
25 46
26 46
27 46
73 46
74 46
75 46
76 46
77 46
78 46
79 46
80 46
81 46
82 46
83 46
84 46
85 46
86 46
87 46
88 46
89 46
90 46
10 47
11 47
12 47
13 47
14 47
15 47
16 47
17 47
18 47
19 47
20 47
21 47
22 47
23 47
24 47
25 47
26 47
27 47
73 47
74 47
75 47
76 47
77 47
78 47
79 47
80 47
81 47
82 47
83 47
84 47
85 47
86 47
87 47
88 47
89 47
90 47
10 48
11 48
12 48
13 48
14 48
15 48
16 48
17 48
18 48
19 48
20 48
21 48
22 48
23 48
24 48
25 48
26 48
27 48
73 48
74 48
75 48
76 48
77 48
78 48
79 48
80 48
81 48
82 48
83 48
84 48
85 48
86 48
87 48
88 48
89 48
90 48
11 49
12 49
13 49
14 49
15 49
16 49
17 49
18 49
19 49
20 49
21 49
22 49
23 49
24 49
25 49
26 49
27 49
28 49
72 49
73 49
74 49
75 49
76 49
77 49
78 49
79 49
80 49
81 49
82 49
83 49
84 49
85 49
86 49
87 49
88 49
89 49
11 50
12 50
13 50
14 50
15 50
16 50
17 50
18 50
19 50
20 50
21 50
22 50
23 50
24 50
25 50
26 50
27 50
73 50
74 50
75 50
76 50
77 50
78 50
79 50
80 50
81 50
82 50
83 50
84 50
85 50
86 50
87 50
88 50
89 50
11 51
12 51
13 51
14 51
15 51
16 51
17 51
18 51
19 51
20 51
21 51
22 51
23 51
24 51
25 51
26 51
27 51
28 51
72 51
73 51
74 51
75 51
76 51
77 51
78 51
79 51
80 51
81 51
82 51
83 51
84 51
85 51
86 51
87 51
88 51
89 51
12 52
13 52
14 52
15 52
16 52
17 52
18 52
19 52
20 52
21 52
22 52
23 52
24 52
25 52
26 52
27 52
28 52
72 52
73 52
74 52
75 52
76 52
77 52
78 52
79 52
80 52
81 52
82 52
83 52
84 52
85 52
86 52
87 52
88 52
12 53
13 53
14 53
15 53
16 53
17 53
18 53
19 53
20 53
21 53
22 53
23 53
24 53
25 53
26 53
27 53
28 53
29 53
30 53
70 53
71 53
72 53
73 53
74 53
75 53
76 53
77 53
78 53
79 53
80 53
81 53
82 53
83 53
84 53
85 53
86 53
87 53
88 53
13 54
14 54
15 54
16 54
17 54
18 54
19 54
20 54
21 54
22 54
23 54
24 54
25 54
26 54
27 54
28 54
29 54
30 54
70 54
71 54
72 54
73 54
74 54
75 54
76 54
77 54
78 54
79 54
80 54
81 54
82 54
83 54
84 54
85 54
86 54
87 54
13 55
14 55
15 55
16 55
17 55
18 55
19 55
20 55
21 55
22 55
23 55
24 55
25 55
26 55
27 55
28 55
29 55
30 55
70 55
71 55
72 55
73 55
74 55
75 55
76 55
77 55
78 55
79 55
80 55
81 55
82 55
83 55
84 55
85 55
86 55
87 55
14 56
15 56
16 56
17 56
18 56
19 56
20 56
21 56
22 56
23 56
24 56
25 56
26 56
27 56
28 56
29 56
30 56
31 56
69 56
70 56
71 56
72 56
73 56
74 56
75 56
76 56
77 56
78 56
79 56
80 56
81 56
82 56
83 56
84 56
85 56
86 56
14 57
15 57
16 57
17 57
18 57
19 57
20 57
21 57
22 57
23 57
24 57
25 57
26 57
27 57
28 57
29 57
30 57
31 57
32 57
68 57
69 57
70 57
71 57
72 57
73 57
74 57
75 57
76 57
77 57
78 57
79 57
80 57
81 57
82 57
83 57
84 57
85 57
86 57
15 58
16 58
17 58
18 58
19 58
20 58
21 58
22 58
23 58
24 58
25 58
26 58
27 58
28 58
29 58
30 58
31 58
32 58
33 58
67 58
68 58
69 58
70 58
71 58
72 58
73 58
74 58
75 58
76 58
77 58
78 58
79 58
80 58
81 58
82 58
83 58
84 58
85 58
15 59
16 59
17 59
18 59
19 59
20 59
21 59
22 59
23 59
24 59
25 59
26 59
27 59
28 59
29 59
30 59
31 59
32 59
33 59
34 59
66 59
67 59
68 59
69 59
70 59
71 59
72 59
73 59
74 59
75 59
76 59
77 59
78 59
79 59
80 59
81 59
82 59
83 59
84 59
85 59
16 60
17 60
18 60
19 60
20 60
21 60
22 60
23 60
24 60
25 60
26 60
27 60
28 60
29 60
30 60
31 60
32 60
33 60
34 60
35 60
36 60
64 60
65 60
66 60
67 60
68 60
69 60
70 60
71 60
72 60
73 60
74 60
75 60
76 60
77 60
78 60
79 60
80 60
81 60
82 60
83 60
84 60
17 61
18 61
19 61
20 61
21 61
22 61
23 61
24 61
25 61
26 61
27 61
28 61
29 61
30 61
31 61
32 61
33 61
34 61
35 61
36 61
37 61
63 61
64 61
65 61
66 61
67 61
68 61
69 61
70 61
71 61
72 61
73 61
74 61
75 61
76 61
77 61
78 61
79 61
80 61
81 61
82 61
83 61
17 62
18 62
19 62
20 62
21 62
22 62
23 62
24 62
25 62
26 62
27 62
28 62
29 62
30 62
31 62
32 62
33 62
34 62
35 62
36 62
37 62
38 62
39 62
41 62
59 62
61 62
62 62
63 62
64 62
65 62
66 62
67 62
68 62
69 62
70 62
71 62
72 62
73 62
74 62
75 62
76 62
77 62
78 62
79 62
80 62
81 62
82 62
83 62
18 63
19 63
20 63
21 63
22 63
23 63
24 63
25 63
26 63
27 63
28 63
29 63
30 63
31 63
32 63
33 63
34 63
35 63
36 63
37 63
38 63
39 63
40 63
41 63
42 63
58 63
59 63
60 63
61 63
62 63
63 63
64 63
65 63
66 63
67 63
68 63
69 63
70 63
71 63
72 63
73 63
74 63
75 63
76 63
77 63
78 63
79 63
80 63
81 63
82 63
19 64
20 64
21 64
22 64
23 64
24 64
25 64
26 64
27 64
28 64
29 64
30 64
31 64
32 64
33 64
34 64
35 64
36 64
37 64
38 64
39 64
40 64
41 64
42 64
43 64
44 64
45 64
46 64
54 64
55 64
56 64
57 64
58 64
59 64
60 64
61 64
62 64
63 64
64 64
65 64
66 64
67 64
68 64
69 64
70 64
71 64
72 64
73 64
74 64
75 64
76 64
77 64
78 64
79 64
80 64
81 64
20 65
21 65
22 65
23 65
24 65
25 65
26 65
27 65
28 65
29 65
30 65
31 65
32 65
33 65
34 65
35 65
36 65
37 65
38 65
39 65
40 65
41 65
42 65
43 65
44 65
45 65
46 65
47 65
48 65
49 65
50 65
51 65
52 65
53 65
54 65
55 65
56 65
57 65
58 65
59 65
60 65
61 65
62 65
63 65
64 65
65 65
66 65
67 65
68 65
69 65
70 65
71 65
72 65
73 65
74 65
75 65
76 65
77 65
78 65
79 65
80 65
20 66
21 66
22 66
23 66
24 66
25 66
26 66
27 66
28 66
29 66
30 66
31 66
32 66
33 66
34 66
35 66
36 66
37 66
38 66
39 66
40 66
41 66
42 66
43 66
44 66
45 66
46 66
47 66
48 66
49 66
50 66
51 66
52 66
53 66
54 66
55 66
56 66
57 66
58 66
59 66
60 66
61 66
62 66
63 66
64 66
65 66
66 66
67 66
68 66
69 66
70 66
71 66
72 66
73 66
74 66
75 66
76 66
77 66
78 66
79 66
80 66
21 67
22 67
23 67
24 67
25 67
26 67
27 67
28 67
29 67
30 67
31 67
32 67
33 67
34 67
35 67
36 67
37 67
38 67
39 67
40 67
41 67
42 67
43 67
44 67
45 67
46 67
47 67
48 67
49 67
50 67
51 67
52 67
53 67
54 67
55 67
56 67
57 67
58 67
59 67
60 67
61 67
62 67
63 67
64 67
65 67
66 67
67 67
68 67
69 67
70 67
71 67
72 67
73 67
74 67
75 67
76 67
77 67
78 67
79 67
22 68
23 68
24 68
25 68
26 68
27 68
28 68
29 68
30 68
31 68
32 68
33 68
34 68
35 68
36 68
37 68
38 68
39 68
40 68
41 68
42 68
43 68
44 68
45 68
46 68
47 68
48 68
49 68
50 68
51 68
52 68
53 68
54 68
55 68
56 68
57 68
58 68
59 68
60 68
61 68
62 68
63 68
64 68
65 68
66 68
67 68
68 68
69 68
70 68
71 68
72 68
73 68
74 68
75 68
76 68
77 68
78 68
23 69
24 69
25 69
26 69
27 69
28 69
29 69
30 69
31 69
32 69
33 69
34 69
35 69
36 69
37 69
38 69
39 69
40 69
41 69
42 69
43 69
44 69
45 69
46 69
47 69
48 69
49 69
50 69
51 69
52 69
53 69
54 69
55 69
56 69
57 69
58 69
59 69
60 69
61 69
62 69
63 69
64 69
65 69
66 69
67 69
68 69
69 69
70 69
71 69
72 69
73 69
74 69
75 69
76 69
77 69
25 70
26 70
27 70
28 70
29 70
30 70
31 70
32 70
33 70
34 70
35 70
36 70
37 70
38 70
39 70
40 70
41 70
42 70
43 70
44 70
45 70
46 70
47 70
48 70
49 70
50 70
51 70
52 70
53 70
54 70
55 70
56 70
57 70
58 70
59 70
60 70
61 70
62 70
63 70
64 70
65 70
66 70
67 70
68 70
69 70
70 70
71 70
72 70
73 70
74 70
75 70
26 71
27 71
28 71
29 71
30 71
31 71
32 71
33 71
34 71
35 71
36 71
37 71
38 71
39 71
40 71
41 71
42 71
43 71
44 71
45 71
46 71
47 71
48 71
49 71
50 71
51 71
52 71
53 71
54 71
55 71
56 71
57 71
58 71
59 71
60 71
61 71
62 71
63 71
64 71
65 71
66 71
67 71
68 71
69 71
70 71
71 71
72 71
73 71
74 71
27 72
28 72
29 72
30 72
31 72
32 72
33 72
34 72
35 72
36 72
37 72
38 72
39 72
40 72
41 72
42 72
43 72
44 72
45 72
46 72
47 72
48 72
49 72
50 72
51 72
52 72
53 72
54 72
55 72
56 72
57 72
58 72
59 72
60 72
61 72
62 72
63 72
64 72
65 72
66 72
67 72
68 72
69 72
70 72
71 72
72 72
73 72
29 73
30 73
31 73
32 73
33 73
34 73
35 73
36 73
37 73
38 73
39 73
40 73
41 73
42 73
43 73
44 73
45 73
46 73
47 73
48 73
49 73
50 73
51 73
52 73
53 73
54 73
55 73
56 73
57 73
58 73
59 73
60 73
61 73
62 73
63 73
64 73
65 73
66 73
67 73
68 73
69 73
70 73
71 73
30 74
31 74
32 74
33 74
34 74
35 74
36 74
37 74
38 74
39 74
40 74
41 74
42 74
43 74
44 74
45 74
46 74
47 74
48 74
49 74
50 74
51 74
52 74
53 74
54 74
55 74
56 74
57 74
58 74
59 74
60 74
61 74
62 74
63 74
64 74
65 74
66 74
67 74
68 74
69 74
70 74
32 75
33 75
34 75
35 75
36 75
37 75
38 75
39 75
40 75
41 75
42 75
43 75
44 75
45 75
46 75
47 75
48 75
49 75
50 75
51 75
52 75
53 75
54 75
55 75
56 75
57 75
58 75
59 75
60 75
61 75
62 75
63 75
64 75
65 75
66 75
67 75
68 75
34 76
35 76
36 76
37 76
38 76
39 76
40 76
41 76
42 76
43 76
44 76
45 76
46 76
47 76
48 76
49 76
50 76
51 76
52 76
53 76
54 76
55 76
56 76
57 76
58 76
59 76
60 76
61 76
62 76
63 76
64 76
65 76
66 76
37 77
38 77
39 77
40 77
41 77
42 77
43 77
44 77
45 77
46 77
47 77
48 77
49 77
50 77
51 77
52 77
53 77
54 77
55 77
56 77
57 77
58 77
59 77
60 77
61 77
62 77
63 77
40 78
41 78
42 78
43 78
44 78
45 78
46 78
47 78
48 78
49 78
50 78
51 78
52 78
53 78
54 78
55 78
56 78
57 78
58 78
59 78
60 78
44 79
45 79
46 79
47 79
48 79
49 79
50 79
51 79
52 79
53 79
54 79
55 79
56 79
