Ra	Dec
0	-26.56505118
175.595096	-26.36828287
171.2539137	-26.04131869
167.0001865	-25.59253556
162.8542876	-25.0325165
158.8327749	-24.37342336
154.9482412	-23.62835154
151.2094308	-22.81072522
147.621557	-21.93377522
144.1867485	-21.01012344
140.9045577	-20.05148091
137.7724773	-19.06845372
134.7864264	-18.07044251
131.941184	-17.06561758
129.2307573	-16.06095051
126.6486837	-15.06228497
124.1882706	-14.07443187
121.8427793	-13.10127698
119.6055614	-12.14589246
117.4701566	-11.21064594
115.4303591	-10.29730324
113.4802602	-9.407122314
111.614272	-8.540937458
109.8271376	-7.699233301
108.1139316	-6.882209062
106.4700528	-6.089833631
104.8912131	-5.321892344
103.3734225	-4.578026347
101.9129729	-3.857765487
100.5064207	-3.160555582
99.15056919	-2.48578088
97.84245146	-1.832782446
96.57931357	-1.200873096
95.35859866	-0.5893494435
94.17793193	0.002498459
93.03510654	0.5753794764
91.92807047	1.1299954
90.85491433	1.667036316
89.81386019	2.18717708
88.80325117	2.691074709
87.8215419	3.179366503
86.86728983	3.652668763
85.93914718	4.111575988
85.03585361	4.556660458
84.15622946	4.988472112
83.29916964	5.407538668
82.46363793	5.814365928
81.64866186	6.209438217
80.85332794	6.593218937
80.07677736	6.966151189
79.31820198	7.328658455
78.5768407	7.681145309
77.8519761	8.02399815
77.14293139	8.357585952
76.44906755	8.682260996
75.76978075	8.99835961
75.10449998	9.306202889
74.45268478	9.606097394
73.81382328	9.898335837
73.18743029	10.18319774
72.57304557	10.46095006
71.97023225	10.73184783
71.37857533	10.99613469
70.7976803	11.2540435
70.22717192	11.50579682
69.66669301	11.75160749
69.11590333	11.99167902
68.57447864	12.22620613
68.0421097	12.45537513
67.51850142	12.67936439
67.00337202	12.89834467
66.49645231	13.11247953
65.99748495	13.3219257
65.5062238	13.52683337
65.0224333	13.72734654
64.5458879	13.92360329
64.07637151	14.11573611
63.61367702	14.30387214
63.15760579	14.4881334
62.70796725	14.66863711
62.26457845	14.84549583
61.82726368	15.01881774
61.39585413	15.1887068
60.97018751	15.35526299
60.55010775	15.51858246
60.13546469	15.67875772
59.72611377	15.83587781
59.32191584	15.99002844
58.92273679	16.14129215
58.52844741	16.28974846
58.13892312	16.43547398
57.75404376	16.57854257
57.37369338	16.71902543
56.99776008	16.85699125
56.6261358	16.99250626
56.25871618	17.12563442
55.89540035	17.25643743
55.53609082	17.38497488
55.18069335	17.51130434
54.82911674	17.63548139
54.48127278	17.75755978
54.13707607	17.87759143
53.79644396	17.99562658
53.45929636	18.11171377
53.1255557	18.2259
52.79514681	18.33823073
52.46799682	18.44874995
52.14403507	18.55750025
51.82319302	18.6645229
51.50540416	18.76985783
51.19060398	18.87354375
50.87872982	18.97561817
50.56972086	19.07611745
50.26351801	19.17507682
49.96006387	19.27253047
49.65930266	19.36851155
49.36118018	19.46305221
49.0656437	19.55618366
48.77264197	19.64793618
48.48212511	19.7383392
48.19404463	19.82742124
47.90835329	19.91521004
47.62500515	20.00173253
47.34395545	20.08701488
47.06516062	20.17108251
46.78857822	20.25396015
46.5141669	20.33567182
46.24188636	20.41624087
45.97169731	20.49569005
45.70356148	20.57404143
45.43744153	20.65131653
45.17330104	20.72753627
44.91110449	20.80272101
44.65081724	20.87689056
44.39240546	20.95006424
44.13583614	21.02226082
43.88107707	21.09349861
43.62809678	21.16379543
43.37686454	21.23316865
43.12735035	21.30163519
42.87952488	21.36921156
42.63335949	21.4359138
42.38882618	21.50175762
42.14589758	21.56675827
41.90454695	21.63093066
41.66474812	21.69428932
41.42647551	21.75684843
41.1897041	21.81862183
40.95440941	21.87962299
40.7205675	21.93986511
40.48815493	21.99936102
40.25714875	22.05812327
40.02752652	22.11616413
39.79926626	22.17349554
39.57234644	22.2301292
39.34674597	22.28607651
39.12244423	22.34134862
38.89942097	22.39595641
38.67765638	22.44991053
38.45713104	22.50322137
38.23782593	22.55589909
38.01972239	22.60795363
37.80280213	22.6593947
37.58704722	22.71023178
37.37244009	22.76047417
37.15896349	22.81013094
36.94660051	22.85921096
36.73533455	22.90772293
36.52514936	22.95567533
36.31602894	23.00307648
36.10795763	23.04993451
35.90092005	23.09625738
35.69490109	23.14205288
35.48988593	23.18732863
35.28586002	23.2320921
35.08280905	23.27635059
34.880719	23.32011125
34.67957607	23.3633811
34.47936671	23.40616698
34.28007762	23.44847563
34.08169573	23.49031361
33.88420818	23.53168737
33.68760234	23.57260323
33.49186581	23.61306738
33.29698637	23.65308587
33.10295204	23.69266465
32.90975101	23.73180955
32.71737169	23.77052625
32.52580266	23.80882037
32.3350327	23.84669737
32.14505078	23.88416264
31.95584603	23.92122145
31.76740777	23.95787895
31.57972549	23.99414023
31.39278883	24.03001024
31.20658761	24.06549386
31.0211118	24.10059586
30.83635154	24.13532095
30.65229711	24.1696737
30.46893893	24.20365864
30.28626758	24.2372802
30.10427379	24.27054271
29.92294842	24.30345043
29.74228245	24.33600754
29.56226702	24.36821816
29.38289339	24.4000863
29.20415294	24.43161593
29.02603719	24.46281091
28.84853777	24.49367505
28.67164644	24.5242121
28.49535507	24.55442573
28.31965565	24.58431953
28.14454027	24.61389704
27.97000114	24.64316174
27.79603059	24.67211704
27.62262103	24.70076629
27.44976499	24.72911278
27.2774551	24.75715973
27.10568408	24.78491031
26.93444476	24.81236765
26.76373005	24.83953481
26.59353297	24.86641478
26.42384663	24.89301053
26.2546642	24.91932495
26.08597898	24.94536089
25.91778433	24.97112115
25.7500737	24.99660849
25.58284062	25.0218256
25.4160787	25.04677513
25.24978164	25.0714597
25.08394321	25.09588187
24.91855726	25.12004416
24.7536177	25.14394904
24.58911853	25.16759895
24.42505382	25.19099626
24.26141769	25.21414334
24.09820436	25.23704249
23.93540811	25.25969598
23.77302325	25.28210604
23.61104421	25.30427485
23.44946545	25.32620457
23.28828149	25.34789732
23.12748693	25.36935517
22.96707642	25.39058017
22.80704467	25.41157433
22.64738644	25.43233963
22.48809656	25.452878
22.32916991	25.47319134
22.17060143	25.49328155
22.01238609	25.51315045
21.85451895	25.53279987
21.69699508	25.55223157
21.53980963	25.57144731
21.3829578	25.59044881
21.22643482	25.60923776
21.07023598	25.62781581
20.9143566	25.64618461
20.75879208	25.66434576
20.60353783	25.68230083
20.44858932	25.70005137
20.29394206	25.71759891
20.1395916	25.73494494
19.98553354	25.75209094
19.83176352	25.76903834
19.6782772	25.78578857
19.5250703	25.80234302
19.37213857	25.81870307
19.21947781	25.83487006
19.06708383	25.85084531
18.91495251	25.86663013
18.76307973	25.88222579
18.61146144	25.89763355
18.46009359	25.91285463
18.30897219	25.92789025
18.15809327	25.9427416
18.0074529	25.95740984
17.85704716	25.97189613
17.70687219	25.98620158
17.55692415	26.00032729
17.40719921	26.01427437
17.2576936	26.02804387
17.10840356	26.04163683
16.95932536	26.05505428
16.81045529	26.06829723
16.66178969	26.08136667
16.5133249	26.09426356
16.3650573	26.10698885
16.2169833	26.11954349
16.06909931	26.13192838
15.92140179	26.14414441
15.7738872	26.15619248
15.62655206	26.16807343
15.47939287	26.17978813
15.33240617	26.19133738
15.18558854	26.20272201
15.03893654	26.21394281
14.89244678	26.22500055
14.74611589	26.23589601
14.59994051	26.24662992
14.45391729	26.25720301
14.30804293	26.26761601
14.16231411	26.2778696
14.01672756	26.28796448
13.87128001	26.29790131
13.7259682	26.30768075
13.5807889	26.31730343
13.4357389	26.32676997
13.29081499	26.336081
13.14601399	26.34523709
13.00133273	26.35423884
12.85676804	26.3630868
12.71231679	26.37178154
12.56797584	26.38032359
12.42374207	26.38871346
12.27961239	26.39695169
12.13558369	26.40503875
11.99165291	26.41297514
11.84781697	26.42076132
11.70407281	26.42839775
11.56041739	26.43588487
11.41684767	26.44322312
11.27336064	26.45041291
11.12995326	26.45745465
10.98662254	26.46434873
10.84336548	26.47109552
10.70017909	26.47769539
10.55706039	26.4841487
10.41400642	26.49045579
10.27101419	26.49661697
10.12808076	26.50263258
9.985203187	26.50850292
9.842378514	26.51422827
9.69960381	26.51980891
9.556876143	26.52524511
9.414192589	26.53053713
9.271550227	26.5356852
9.128946144	26.54068956
8.986377427	26.54555043
8.843841173	26.55026802
8.701334478	26.55484251
8.558854446	26.55927409
8.41639818	26.56356293
8.27396279	26.56770919
8.131545387	26.57171302
7.989143083	26.57557456
7.846752994	26.57929392
7.704372238	26.58287122
7.561997932	26.58630655
7.419627198	26.58960002
7.277257154	26.59275169
7.134884923	26.59576164
6.992507625	26.59862991
6.850122381	26.60135654
6.707726312	26.60394157
6.565316537	26.60638502
6.422890175	26.60868689
6.280444342	26.61084718
6.137976155	26.61286588
5.995482726	26.61474295
5.852961166	26.61647835
5.710408582	26.61807204
5.567822081	26.61952396
5.425198763	26.62083402
5.282535726	26.62200214
5.139830065	26.62302822
4.997078868	26.62391216
4.854279221	26.62465383
4.711428202	26.6252531
4.568522888	26.62570983
4.425560345	26.62602385
4.282537638	26.626195
4.139451822	26.62622309
3.996299947	26.62610794
3.853079056	26.62584933
3.709786184	26.62544706
3.566418359	26.62490088
3.4229726	26.62421056
3.279445918	26.62337585
3.135835317	26.62239647
2.992137789	26.62127216
2.848350318	26.62000261
2.704469879	26.61858752
2.560493435	26.61702658
2.41641794	26.61531945
2.272240336	26.61346579
2.127957555	26.61146526
1.983566517	26.60931747
1.839064129	26.60702206
1.694447287	26.60457861
1.549712873	26.60198674
1.404857757	26.599246
1.259878795	26.59635598
1.114772829	26.59331622
0.9695366868	26.59012626
0.8241671815	26.58678562
0.6786611113	26.58329382
0.5330152586	26.57965035
0.3872263901	26.57585469
0.2412912559	26.57190631
0.09520658974	26.56780467
359.9489691	26.5635492
359.8025755	26.55913932
359.6560225	26.55457446
359.5093067	26.549854
359.3624247	26.54497731
359.2153733	26.53994378
359.0681489	26.53475273
358.9207483	26.52940352
358.7731678	26.52389545
358.6254042	26.51822782
358.4774539	26.51239992
358.3293133	26.50641103
358.1809791	26.50026039
358.0324476	26.49394723
357.8837152	26.48747079
357.7347784	26.48083025
357.5856336	26.47402481
357.436277	26.46705363
357.2867051	26.45991586
357.1369141	26.45261063
356.9869003	26.44513706
356.83666	26.43749425
356.6861893	26.42968126
356.5354845	26.42169716
356.3845417	26.41354098
356.233357	26.40521175
356.0819266	26.39670846
355.9302466	26.3880301
355.7783129	26.37917562
355.6261215	26.37014396
355.4736685	26.36093405
355.3209498	26.35154478
355.1679613	26.34197502
355.0146989	26.33222364
354.8611583	26.32228946
354.7073354	26.3121713
354.553226	26.30186794
354.3988258	26.29137814
354.2441304	26.28070066
354.0891356	26.26983421
353.9338368	26.25877748
353.7782297	26.24752914
353.6223099	26.23608785
353.4660727	26.22445221
353.3095137	26.21262082
353.1526281	26.20059226
352.9954114	26.18836507
352.8378589	26.17593775
352.6799658	26.1633088
352.5217274	26.15047668
352.3631387	26.13743983
352.204195	26.12419664
352.0448912	26.1107455
351.8852223	26.09708474
351.7251834	26.08321269
351.5647693	26.06912762
351.4039749	26.0548278
351.242795	26.04031144
351.0812242	26.02557674
350.9192574	26.01062185
350.756889	25.99544489
350.5941137	25.98004395
350.4309259	25.9644171
350.2673201	25.94856235
350.1032907	25.93247768
349.938832	25.91616105
349.7739381	25.89961036
349.6086034	25.88282348
349.4428218	25.86579826
349.2765874	25.84853248
349.1098942	25.8310239
348.9427361	25.81327023
348.7751069	25.79526914
348.6070002	25.77701828
348.4384099	25.75851521
348.2693294	25.73975749
348.0997523	25.72074262
347.929672	25.70146803
347.7590818	25.68193115
347.587975	25.66212932
347.4163447	25.64205986
347.244184	25.62172002
347.0714859	25.60110702
346.8982433	25.580218
346.724449	25.55905008
346.5500956	25.5376003
346.3751758	25.51586567
346.1996821	25.49384311
346.0236069	25.47152951
345.8469424	25.44892169
345.6696809	25.42601642
345.4918144	25.4028104
345.3133348	25.37930027
345.1342342	25.35548261
344.9545041	25.33135392
344.7741361	25.30691066
344.5931219	25.2821492
344.4114527	25.25706584
344.2291198	25.23165683
344.0461143	25.20591833
343.8624272	25.17984642
343.6780493	25.15343712
343.4929713	25.12668638
343.3071839	25.09959003
343.1206774	25.07214387
342.9334421	25.04434358
342.7454681	25.01618476
342.5567454	24.98766295
342.3672638	24.95877356
342.177013	24.92951195
341.9859824	24.89987336
341.7941614	24.86985293
341.6015391	24.83944572
341.4081045	24.80864669
341.2138463	24.77745068
341.0187532	24.74585244
340.8228137	24.71384661
340.6260158	24.68142771
340.4283476	24.64859016
340.2297971	24.61532826
340.0303517	24.58163618
339.8299989	24.54750798
339.6287258	24.51293759
339.4265195	24.47791882
339.2233666	24.44244534
339.0192537	24.40651068
338.8141671	24.37010825
338.6080927	24.3332313
338.4010163	24.29587295
338.1929234	24.25802615
337.9837993	24.21968372
337.773629	24.1808383
337.5623971	24.14148239
337.350088	24.1016083
337.136686	24.06120819
336.9221747	24.02027404
336.7065378	23.97879764
336.4897584	23.93677061
336.2718194	23.89418436
336.0527034	23.85103013
335.8323925	23.80729893
335.6108687	23.76298158
335.3881134	23.71806869
335.1641078	23.67255065
334.9388325	23.62641762
334.7122681	23.57965952
334.4843945	23.53226605
334.2551911	23.48422666
334.0246372	23.43553054
333.7927115	23.38616662
333.5593921	23.33612357
333.324657	23.28538978
333.0884835	23.23395337
332.8508484	23.18180213
332.611728	23.12892359
332.3710982	23.07530494
332.1289343	23.02093307
331.8852111	22.96579453
331.6399028	22.90987553
331.3929829	22.85316193
331.1444247	22.79563922
330.8942004	22.73729253
330.6422819	22.67810659
330.3886404	22.61806574
330.1332463	22.5571539
329.8760694	22.49535458
329.6170789	22.43265083
329.356243	22.36902526
329.0935294	22.30446002
328.8289049	22.23893675
328.5623356	22.17243661
328.2937865	22.10494023
328.023222	22.03642771
327.7506057	21.96687861
327.4758999	21.89627188
327.1990663	21.82458591
326.9200654	21.75179846
326.638857	21.67788666
326.3553995	21.60282698
326.0696503	21.5265952
325.781566	21.4491664
325.4911015	21.37051494
325.1982111	21.29061439
324.9028473	21.20943755
324.6049616	21.12695641
324.3045043	21.04314209
324.0014241	20.95796486
323.6956683	20.87139405
323.3871828	20.78339806
323.0759119	20.69394429
322.7617983	20.60299912
322.4447831	20.51052789
322.1248056	20.4164948
321.8018034	20.32086294
321.4757123	20.22359416
321.1464659	20.12464911
320.8139962	20.02398713
320.4782328	19.9215662
320.1391032	19.81734293
319.7965328	19.71127245
319.4504444	19.60330837
319.1007586	19.49340274
318.7473934	19.38150592
318.390264	19.26756658
318.0292831	19.15153158
317.6643601	19.03334592
317.2954019	18.91295264
316.9223119	18.79029273
316.5449904	18.66530506
316.1633342	18.53792627
315.7772365	18.40809068
315.3865868	18.27573017
314.9912707	18.14077407
314.5911697	18.00314908
314.1861611	17.86277909
313.7761174	17.71958508
313.3609068	17.573485
312.9403924	17.42439359
312.514432	17.27222224
312.0828781	17.11687885
311.6455775	16.95826762
311.2023711	16.79628892
310.7530933	16.63083906
310.2975721	16.4618101
309.8356283	16.28908966
309.3670757	16.11256066
308.8917199	15.93210112
308.4093589	15.74758389
307.9197818	15.55887639
307.4227686	15.36584032
306.91809	15.16833139
306.4055064	14.966199
305.8847675	14.75928589
305.3556119	14.54742779
304.8177661	14.3304531
304.2709438	14.10818245
303.7148455	13.88042828
303.1491574	13.64699445
302.5735505	13.40767574
301.9876799	13.16225739
301.3911833	12.91051454
300.7836805	12.65221176
300.1647719	12.3871024
299.5340373	12.11492805
298.8910345	11.83541786
298.2352979	11.54828791
297.5663366	11.25324048
296.8836333	10.94996336
296.1866417	10.63812904
295.4747851	10.31739397
294.7474538	9.987397675
294.0040029	9.647761962
293.2437496	9.298090009
292.4659704	8.937965486
291.6698984	8.566951645
290.8547192	8.184590411
290.019568	7.79040148
289.1635255	7.383881435
288.2856131	6.964502903
287.384789	6.531713779
286.4599422	6.084936536
285.5098877	5.623567659
284.5333598	5.146977255
283.5290059	4.654508887
282.4953788	4.145479696
281.4309289	3.619180901
280.3339957	3.074878771
279.2027983	2.511816197
278.0354249	1.929215003
276.8298222	1.326279189
275.5837829	0.702199314
274.294933	0.05615827734
272.9607178	-0.6126611785
271.5783873	-1.305066884
270.14498	-2.02184513
268.6573073	-2.763745523
267.1119358	-3.531462191
265.5051707	-4.325610672
263.8330386	-5.146699687
262.0912719	-5.995096936
260.2752944	-6.870987974
258.3802107	-7.774327179
256.4007999	-8.704779813
254.3315171	-9.661654306
252.1665042	-10.64382404
249.8996155	-11.64963834
247.5244609	-12.67682296
245.0344747	-13.72237133
242.4230144	-14.78242909
239.6834998	-15.85217626
236.8095984	-16.92571379
233.7954679	-17.99596371
230.6360597	-19.05459555
227.3274897	-20.09199464
223.8674719	-21.09729038
220.255805	-22.058464
216.4948863	-22.96255407
212.5902158	-23.79597325
208.5508349	-24.544941
204.3896326	-25.19602278
200.1234473	-25.73674957
195.7729019	-26.15627244
191.3619302	-26.44599194
186.9169982	-26.60009355
182.4660677	-26.61592413
178.0373992	-26.49416018
173.658321	-26.23874547
169.354099	-25.85660732
165.1470205	-25.35719049
161.055768	-24.75186819
157.0951044	-24.05329877
153.2758513	-23.27479255
149.605105	-22.42974048
146.0866212	-21.53113851
142.721297	-20.59122355
139.5076888	-19.62122179
136.4425187	-18.63119907
133.5211392	-17.62999699
130.7379373	-16.62523583
128.0866733	-15.62336591
125.5607538	-14.62975097
123.1534446	-13.64877017
120.858033	-12.68392836
118.667945	-11.737967
116.5768281	-10.81297067
114.5786066	-9.910466027
112.6675143	-9.031511311
110.8381122	-8.17677589
109.0852935	-7.346609754
107.4042801	-6.541103484
105.7906141	-5.760139446
104.2401438	-5.003435073
102.7490088	-4.270579183
101.3136225	-3.561062204
99.93065507	-2.87430117
98.59701579	-2.209660249
97.30983598	-1.566467492
96.06645271	-0.9440283931
94.86439323	-0.3416367991
93.70136036	0.2414164008
92.57521882	0.8058364158
91.48398255	1.352319206
90.42580297	1.881547376
89.39895811	2.394187087
88.40184269	2.890885789
87.43295891	3.372270627
86.49090805	3.838947388
85.57438278	4.291499875
84.68216008	4.730489632
83.8130948	5.156455934
82.9661137	5.569915995
82.14021005	5.971365334
81.33443866	6.36127827
80.54791134	6.740108504
79.77979271	7.108289768
79.02929639	7.466236525
78.29568148	7.814344684
77.57824935	8.152992343
76.87634068	8.482540528
76.18933273	8.803333932
75.51663685	9.11570164
74.85769614	9.419957839
74.21198338	9.716402514
73.57899904	10.00532212
72.95826947	10.28699021
72.34934523	10.5616681
71.75179955	10.82960541
71.16522694	11.09104068
70.58924178	11.3462019
70.02347719	11.59530703
69.46758383	11.83856449
68.92122886	12.07617363
68.38409498	12.30832522
67.85587949	12.5352018
67.33629347	12.75697816
66.82506096	12.97382165
66.32191825	13.18589262
65.82661318	13.39334472
65.33890452	13.5963252
64.85856134	13.7949753
64.38536247	13.98943046
63.91909597	14.17982064
63.45955866	14.36627059
63.00655564	14.54890006
62.55989985	14.72782409
62.11941172	14.90315317
61.68491873	15.07499351
61.25625508	15.24344721
60.83326136	15.40861243
60.41578426	15.57058363
60.0036762	15.72945168
59.59679513	15.88530407
59.19500425	16.03822503
58.79817171	16.18829567
58.40617045	16.33559416
58.01887794	16.48019583
57.63617597	16.62217328
57.25795048	16.76159655
56.88409135	16.89853317
56.51449224	17.03304832
56.14905039	17.1652049
55.78766653	17.29506362
55.43024467	17.42268314
55.07669197	17.54812009
54.72691863	17.67142921
54.38083775	17.79266339
54.0383652	17.91187376
53.69941953	18.02910979
53.36392181	18.14441928
53.0317956	18.25784853
52.70296679	18.36944231
52.37736354	18.47924396
52.05491617	18.58729546
51.73555711	18.69363746
51.41922077	18.79830931
51.10584348	18.90134919
50.79536347	19.00279405
50.4877207	19.10267973
50.18285689	19.201041
49.88071538	19.29791154
49.58124114	19.39332405
49.28438064	19.48731025
48.99008185	19.57990092
48.69829417	19.67112594
48.40896834	19.76101432
48.12205648	19.84959422
47.83751195	19.93689302
47.55528935	20.02293728
47.2753445	20.10775283
46.99763434	20.19136478
46.72211694	20.27379752
46.44875144	20.35507477
46.17749803	20.4352196
45.90831788	20.51425445
45.64117315	20.59220114
45.37602695	20.66908091
45.11284328	20.74491442
44.85158702	20.81972179
44.5922239	20.89352258
44.33472051	20.96633588
44.07904418	21.03818025
43.82516306	21.10907376
43.57304604	21.17903403
43.32266271	21.24807824
43.0739834	21.31622309
42.82697909	21.38348491
42.58162146	21.44987956
42.33788279	21.51542255
42.09573601	21.58012898
41.85515465	21.64401359
41.61611282	21.70709075
41.3785852	21.76937446
41.14254702	21.83087842
40.90797406	21.89161597
40.6748426	21.95160013
40.44312946	22.01084362
40.21281191	22.06935885
39.98386773	22.12715794
39.75627514	22.18425273
39.53001285	22.24065477
39.30505996	22.29637536
39.08139603	22.35142552
38.85900103	22.40581604
38.63785534	22.45955743
38.4179397	22.51265999
38.19923528	22.56513378
37.98172359	22.61698863
37.76538651	22.66823415
37.55020628	22.71887973
37.33616548	22.76893458
37.12324703	22.81840767
36.91143415	22.8673078
36.70071043	22.91564357
36.49105971	22.96342338
36.28246617	23.01065548
36.07491427	23.0573479
35.86838877	23.10350855
35.66287469	23.14914513
35.45835733	23.19426518
35.25482227	23.23887612
35.05225533	23.28298517
34.85064259	23.32659941
34.64997038	23.3697258
34.45022527	23.41237112
34.25139405	23.45454204
34.05346376	23.49624507
33.85642166	23.53748659
33.66025521	23.57827288
33.46495211	23.61861005
33.27050024	23.65850412
33.07688772	23.69796097
32.88410282	23.73698638
32.69213405	23.775586
32.50097009	23.81376537
32.3105998	23.85152992
32.12101222	23.888885
31.93219658	23.92583581
31.74414227	23.96238748
31.55683886	23.99854504
31.37027608	24.03431341
31.18444382	24.06969742
30.99933213	24.10470181
30.8149312	24.13933123
30.6312314	24.17359025
30.44822322	24.20748332
30.26589731	24.24101484
30.08424445	24.27418913
29.90325558	24.30701039
29.72292174	24.33948279
29.54323413	24.37161039
29.36418407	24.40339718
29.18576301	24.43484709
29.00796252	24.46596396
28.83077428	24.49675157
28.65419012	24.52721364
28.47820196	24.55735379
28.30280184	24.5871756
28.12798191	24.61668259
27.95373443	24.6458782
27.78005177	24.67476581
27.6069264	24.70334875
27.4343509	24.73163027
27.26231794	24.75961359
27.09082029	24.78730185
26.91985083	24.81469814
26.74940251	24.8418055
26.57946839	24.86862692
26.41004162	24.89516531
26.24111544	24.92142357
26.07268316	24.94740451
25.90473818	24.97311093
25.73727401	24.99854553
25.57028421	25.02371101
25.40376243	25.04861001
25.2377024	25.0732451
25.07209793	25.09761884
24.9069429	25.12173372
24.74223128	25.14559221
24.57795707	25.1691967
24.41411439	25.19254959
24.25069741	25.21565319
24.08770036	25.23850979
23.92511755	25.26112166
23.76294334	25.28349099
23.60117217	25.30561998
23.43979854	25.32751074
23.278817	25.34916539
23.11822219	25.37058599
22.95800876	25.39177456
22.79817147	25.4127331
22.63870511	25.43346358
22.47960453	25.45396791
22.32086462	25.474248
22.16248037	25.4943057
22.00444676	25.51414284
21.84675888	25.53376122
21.68941184	25.55316261
21.53240079	25.57234874
21.37572096	25.59132132
21.2193676	25.61008203
21.06333603	25.62863252
20.9076216	25.64697441
20.75221971	25.66510929
20.59712581	25.68303873
20.44233538	25.70076426
20.28784395	25.7182874
20.1336471	25.73560964
19.97974045	25.75273243
19.82611964	25.7696572
19.67278036	25.78638538
19.51971836	25.80291833
19.3669294	25.81925743
19.21440929	25.83540401
19.06215387	25.85135939
18.91015902	25.86712485
18.75842066	25.88270166
18.60693473	25.89809107
18.45569722	25.91329431
18.30470415	25.92831256
18.15395155	25.94314702
18.00343552	25.95779884
17.85315216	25.97226916
17.70309762	25.98655909
17.55326805	26.00066974
17.40365968	26.01460218
17.25426871	26.02835746
17.10509142	26.04193662
16.95612408	26.05534069
16.807363	26.06857066
16.65880454	26.08162751
16.51044503	26.0945122
16.36228089	26.10722567
16.21430851	26.11976886
16.06652434	26.13214266
15.91892483	26.14434798
15.77150648	26.15638567
15.62426579	26.1682566
15.47719928	26.1799616
15.33030351	26.19150149