fgds
0 36.86989765
274.063282 36.74511545
278.094158 36.483805
282.0697481 36.09047588
285.9693421 35.57179962
289.775039 34.93626493
293.4721434 34.19376878
297.0493143 33.35518185
300.4984978 32.43192318
303.81469 31.43557205
306.9955853 30.3775354
310.0411651 29.2687804
312.9532685 28.1196338
315.7351813 26.9396443
318.391262 25.73750013
320.9266182 24.52099278
323.3468358 23.29701706
325.6577609 22.07159826
327.8653286 20.84993855
329.9754335 19.63647563
331.9938348 18.43494841
333.9260896 17.24846544
335.7775083 16.07957313
337.5531283 14.93032151
339.2577 13.80232624
340.8956829 12.69682593
342.471249 11.6147343
343.9882909 10.55668722
345.4504331 9.523084622
346.861046 8.514127467
348.22326 7.529850247
349.5399812 6.570149279
350.8139063 5.634807233
352.0475376 4.723514283
353.243197 3.835886252
354.4030399 2.971480111
355.5290677 2.129807159
356.62314 1.310344189
357.6869855 0.5125428886
358.7222125 -0.2641622628
359.7303183 -1.020347407
0.7126979123 -1.756593839
1.670652245 -2.473483493
2.605395443 -3.171595248
3.518061657 -3.851501928
4.409711266 -4.513767891
5.28133657 -5.158947117
6.133867002 -5.787581714
6.968173897 -6.400200782
7.785074869 -6.997319572
8.585337807 -7.57943889
9.369684547 -8.147044709
10.13879424 -8.700607952
10.89330641 -9.240584415
11.63382384 -9.767414803
12.36091511 -10.28152486
13.07511701 -10.78332559
13.77693676 -11.27321347
14.46685398 -11.75157085
15.1453226 -12.21876621
15.81277256 -12.67515458
16.46961135 -13.12107795
17.11622556 -13.55686563
17.75298213 -13.98283468
18.38022968 -14.39929035
18.9982996 -14.80652645
19.60750716 -15.20482583
20.20815249 -15.5944607
20.80052149 -15.97569312
21.38488669 -16.34877531
21.96150805 -16.71395011
22.53063368 -17.07145128
23.09250054 -17.42150391
23.64733506 -17.76432474
24.19535377 -18.10012251
24.73676381 -18.42909829
25.27176349 -18.75144578
25.80054274 -19.06735159
26.32328358 -19.3769956
26.84016055 -19.68055116
27.35134108 -19.9781854
27.85698589 -20.27005946
28.35724931 -20.55632877
28.85227963 -20.83714324
29.34221939 -21.11264754
29.82720568 -21.38298124
30.30737041 -21.64827911
30.78284053 -21.90867121
31.25373832 -22.16428318
31.7201816 -22.41523634
32.1822839 -22.66164791
32.64015473 -22.90363117
33.0938997 -23.14129559
33.54362076 -23.37474701
33.98941632 -23.60408776
34.43138143 -23.82941682
34.86960794 -24.05082992
35.3041846 -24.26841973
35.73519727 -24.48227589
36.16272895 -24.69248519
36.58685999 -24.89913167
37.00766815 -25.1022967
37.42522873 -25.3020591
37.83961467 -25.49849525
38.25089663 -25.69167915
38.65914312 -25.88168253
39.06442055 -26.06857492
39.46679335 -26.25242374
39.866324 -26.43329438
40.26307317 -26.61125028
40.65709972 -26.78635297
41.04846085 -26.95866218
41.43721208 -27.12823587
41.82340739 -27.29513032
42.20709922 -27.45940015
42.58833858 -27.62109844
42.96717503 -27.78027672
43.34365683 -27.93698507
43.71783089 -28.09127215
44.08974291 -28.24318523
44.45943733 -28.3927703
44.82695746 -28.54007203
45.19234547 -28.68513387
45.55564245 -28.8279981
45.91688843 -28.96870581
46.27612244 -29.107297
46.63338252 -29.24381058
46.98870578 -29.37828442
47.34212839 -29.51075539
47.69368568 -29.64125935
48.0434121 -29.76983126
48.39134128 -29.89650514
48.73750604 -30.02131412
49.08193846 -30.14429047
49.42466985 -30.26546565
49.76573079 -30.38487029
50.1051512 -30.50253425
50.44296027 -30.61848662
50.77918657 -30.73275579
51.11385803 -30.8453694
51.44700195 -30.95635441
51.77864505 -31.06573712
52.10881345 -31.17354318
52.43753274 -31.2797976
52.76482793 -31.38452478
53.09072354 -31.48774853
53.41524353 -31.58949208
53.73841142 -31.6897781
54.06025019 -31.78862872
54.38078241 -31.88606553
54.70003014 -31.98210962
55.01801504 -32.07678157
55.33475832 -32.17010148
55.65028078 -32.26208897
55.96460281 -32.35276322
56.27774441 -32.44214294
56.58972521 -32.53024642
56.90056445 -32.61709153
57.21028102 -32.70269572
57.51889344 -32.78707604
57.82641992 -32.87024915
58.13287832 -32.95223134
58.43828616 -33.03303853
58.74266068 -33.11268627
59.04601879 -33.19118976
59.34837711 -33.26856387
59.64975197 -33.34482313
59.95015942 -33.41998174
60.24961522 -33.4940536
60.54813489 -33.5670523
60.84573366 -33.6389911
61.14242653 -33.709883
61.43822824 -33.77974071
61.73315329 -33.84857665
62.02721595 -33.91640297
62.32043026 -33.98323156
62.61281004 -34.04907405
62.90436888 -34.1139418
63.19512018 -34.17784596
63.4850771 -34.2407974
63.77425265 -34.30280677
64.06265959 -34.3638845
64.35031053 -34.42404079
64.63721787 -34.4832856
64.92339383 -34.54162869
65.20885048 -34.59907963
65.49359967 -34.65564775
65.77765312 -34.7113422
66.06102237 -34.76617193
66.34371881 -34.82014568
66.62575366 -34.87327204
66.907138 -34.92555938
67.18788274 -34.9770159
67.46799868 -35.02764964
67.74749645 -35.07746845
68.02638654 -35.12648001
68.30467933 -35.17469184
68.58238505 -35.22211131
68.8595138 -35.26874561
69.13607557 -35.31460177
69.41208021 -35.35968671
69.68753747 -35.40400714
69.96245696 -35.44756968
70.2368482 -35.49038076
70.51072057 -35.5324467
70.78408339 -35.57377367
71.05694582 -35.61436769
71.32931696 -35.65423469
71.60120578 -35.69338041
71.87262117 -35.73181051
72.14357191 -35.7695305
72.41406672 -35.80654578
72.68411418 -35.8428616
72.95372281 -35.87848313
73.22290106 -35.91341539
73.49165725 -35.94766331
73.75999966 -35.98123168
74.02793648 -36.0141252
74.2954758 -36.04634844
74.56262565 -36.07790589
74.829394 -36.1088019
75.09578873 -36.13904075
75.36181765 -36.16862659
75.6274885 -36.19756347
75.89280897 -36.22585536
76.15778667 -36.25350612
76.42242914 -36.2805195
76.68674389 -36.30689918
76.95073833 -36.33264872
77.21441984 -36.35777161
77.47779573 -36.38227123
77.74087326 -36.40615088
78.00365965 -36.42941377
78.26616203 -36.45206302
78.52838752 -36.47410165
78.79034317 -36.49553263
79.052036 -36.5163588
79.31347295 -36.53658295
79.57466094 -36.55620777
79.83560686 -36.57523588
80.09631753 -36.59366981
80.35679975 -36.61151201
80.61706025 -36.62876486
80.87710577 -36.64543064
81.13694298 -36.66151159
81.39657851 -36.67700983
81.65601899 -36.69192744
81.91527097 -36.7062664
82.17434102 -36.72002863
82.43323563 -36.73321597
82.6919613 -36.74583019
82.95052449 -36.75787298
83.20893161 -36.76934596
83.46718908 -36.78025069
83.72530328 -36.79058864
83.98328057 -36.80036122
84.24112727 -36.80956978
84.4988497 -36.81821558
84.75645416 -36.82629983
85.01394693 -36.83382365
85.27133424 -36.8407881
85.52862236 -36.84719419
85.78581751 -36.85304283
86.04292589 -36.8583349
86.2999537 -36.86307117
86.55690713 -36.86725238
86.81379235 -36.87087919
87.07061553 -36.87395218
87.32738282 -36.87647189
87.58410037 -36.87843877
87.84077432 -36.87985321
88.0974108 -36.88071555
88.35401594 -36.88102606
88.61059587 -36.88078491
88.86715671 -36.87999226
89.12370458 -36.87864815
89.38024559 -36.8767526
89.63678588 -36.87430554
89.89333156 -36.87130684
90.14988875 -36.8677563
90.40646359 -36.86365366
90.66306219 -36.85899859
90.91969071 -36.85379071
91.17635529 -36.84802954
91.43306207 -36.84171458
91.68981721 -36.83484522
91.94662689 -36.82742081
92.20349729 -36.81944062
92.46043459 -36.81090387
92.71744501 -36.80180969
92.97453475 -36.79215717
93.23171006 -36.7819453
93.48897718 -36.77117303
93.74634239 -36.75983922
94.00381196 -36.74794269
94.2613922 -36.73548215
94.51908944 -36.72245628
94.77691002 -36.70886367
95.03486032 -36.69470283
95.29294672 -36.67997223
95.55117565 -36.66467024
95.80955354 -36.64879516
96.06808688 -36.63234524
96.32678216 -36.61531864
96.58564592 -36.59771344
96.84468471 -36.57952766
97.10390513 -36.56075924
97.3633138 -36.54140604
97.6229174 -36.52146584
97.88272261 -36.50093636
98.14273618 -36.47981522
98.40296487 -36.45809998
98.66341551 -36.43578811
98.92409495 -36.412877
99.18501008 -36.38936396
99.44616785 -36.36524621
99.70757525 -36.34052091
99.96923932 -36.3151851
100.2311671 -36.28923576
100.4933658 -36.26266978
100.7558426 -36.23548396
101.0186046 -36.207675
101.2816593 -36.17923952
101.5450139 -36.15017406
101.8086758 -36.12047505
102.0726525 -36.09013883
102.3369516 -36.05916164
102.6015807 -36.02753964
102.8665473 -35.99526888
103.1318592 -35.9623453
103.3975242 -35.92876476
103.6635501 -35.89452301
103.9299449 -35.85961568
104.1967166 -35.82403832
104.4638732 -35.78778636
104.731423 -35.75085512
104.999374 -35.71323979
105.2677348 -35.67493549
105.5365136 -35.63593719
105.8057189 -35.59623975
106.0753594 -35.55583792
106.3454436 -35.51472632
106.6159804 -35.47289945
106.8869785 -35.43035169
107.158447 -35.38707727
107.4303949 -35.34307032
107.7028313 -35.29832482
107.9757655 -35.25283462
108.2492068 -35.20659341
108.5231648 -35.15959479
108.797649 -35.11183216
109.072669 -35.06329882
109.3482348 -35.01398788
109.6243563 -34.96389234
109.9010435 -34.91300501
110.1783067 -34.86131856
110.456156 -34.80882549
110.7346021 -34.75551816
111.0136555 -34.70138871
111.293327 -34.64642917
111.5736273 -34.59063134
111.8545677 -34.53398688
112.1361591 -34.47648725
112.418413 -34.41812372
112.7013409 -34.35888738
112.9849545 -34.29876912
113.2692655 -34.23775963
113.5542859 -34.17584938
113.840028 -34.11302867
114.1265041 -34.04928754
114.4137267 -33.98461584
114.7017086 -33.9190032
114.9904628 -33.852439
115.2800022 -33.7849124
115.5703403 -33.71641232
115.8614906 -33.64692744
116.153467 -33.57644616
116.4462832 -33.50495665
116.7399537 -33.43244681
117.0344928 -33.35890428
117.3299152 -33.28431639
117.6262358 -33.20867022
117.9234699 -33.13195255
118.2216328 -33.05414984
118.5207404 -32.97524828
118.8208085 -32.89523372
119.1218534 -32.8140917
119.4238918 -32.73180741
119.7269405 -32.64836574
120.0310165 -32.56375119
120.3361375 -32.47794793
120.6423212 -32.39093976
120.9495857 -32.30271008
121.2579494 -32.21324193
121.5674314 -32.12251795
121.8780506 -32.03052036
122.1898266 -31.93723097
122.5027795 -31.84263115
122.8169294 -31.74670184
123.1322973 -31.64942352
123.4489041 -31.55077618
123.7667714 -31.45073936
124.0859214 -31.34929209
124.4063764 -31.24641289
124.7281594 -31.14207976
125.0512939 -31.03627016
125.3758036 -30.92896098
125.7017131 -30.82012855
126.0290474 -30.70974861
126.3578318 -30.5977963
126.6880925 -30.48424612
127.0198562 -30.36907194
127.35315 -30.25224694
127.6880017 -30.13374365
128.02444 -30.01353387
128.3624939 -29.89158869
128.7021932 -29.76787842
129.0435685 -29.64237264
129.386651 -29.51504009
129.7314727 -29.3858487
130.0780664 -29.25476556
130.4264655 -29.12175687
130.7767046 -28.98678792
131.1288187 -28.84982308
131.4828441 -28.71082573
131.8388177 -28.56975827
132.1967776 -28.42658204
132.5567626 -28.28125735
132.9188128 -28.13374338
133.2829691 -27.98399816
133.6492737 -27.83197856
134.0177697 -27.67764022
134.3885016 -27.52093752
134.761515 -27.36182352
135.1368567 -27.20024993
135.514575 -27.03616706
135.8947192 -26.86952377
136.2773404 -26.7002674
136.6624909 -26.52834376
137.0502246 -26.35369702
137.4405971 -26.17626967
137.8336653 -25.9960025
138.2294882 -25.81283445
138.6281264 -25.62670262
139.0296422 -25.43754219
139.4341001 -25.24528628
139.8415664 -25.04986598
140.2521096 -24.85121017
140.6658002 -24.64924549
141.0827113 -24.44389627
141.502918 -24.23508437
141.9264982 -24.02272917
142.353532 -23.80674739
142.7841025 -23.58705306
143.2182956 -23.36355735
143.6561999 -23.13616851
144.0979074 -22.9047917
144.543513 -22.66932891
144.9931153 -22.4296788
145.4468161 -22.1857366
145.904721 -21.93739392
146.3669398 -21.68453865
146.8335858 -21.42705477
147.304777 -21.1648222
147.7806357 -20.89771666
148.261289 -20.62560943
148.7468688 -20.34836723
149.2375124 -20.06585198
149.7333623 -19.77792064
150.2345671 -19.48442496
150.7412811 -19.18521127
151.2536654 -18.88012027
151.7718874 -18.56898678
152.2961219 -18.25163947
152.8265512 -17.92790063
153.3633655 -17.59758588
153.9067633 -17.26050389
154.4569522 -16.91645609
155.0141488 -16.56523635
155.5785801 -16.20663069
156.1504834 -15.84041692
156.7301073 -15.46636433
157.3177122 -15.08423333
157.9135711 -14.69377506
158.5179705 -14.29473106
159.1312111 -13.88683287
159.753609 -13.46980163
160.3854961 -13.04334772
161.0272219 -12.60717031
161.6791543 -12.160957
162.3416807 -11.70438341
163.0152096 -11.23711276
163.700172 -10.7587955
164.3970232 -10.26906892
165.1062439 -9.767556818
165.8283428 -9.253869145
166.5638581 -8.727601722
167.3133602 -8.188335995
168.0774536 -7.63563885
168.8567796 -7.069062499
169.6520196 -6.48814447
170.4638975 -5.892407698
171.2931839 -5.281360769
172.1406989 -4.654498328
173.0073167 -4.01130169
173.8939698 -3.351239705
174.8016541 -2.673769913
175.7314334 -1.978340046
176.684446 -1.264389962
177.6619102 -0.5313540549
178.6651317 0.2213357332
179.6955105 0.9942462225
180.7545495 1.787938492
181.8438628 2.60296243
182.9651857 3.43985017
184.1203847 4.299108245
185.3114688 5.181208233
186.5406016 6.086575675
187.810114 7.015576985
189.1225175 7.968504069
190.4805194 8.945556325
191.8870366 9.946819667
193.3452116 10.9722422
194.8584273 12.02160617
196.4303219 13.09449575
198.0648022 14.19026033
199.7660553 15.30797302
201.5385564 16.44638394
203.3870723 17.6038685
205.3166567 18.77837043
207.3326369 19.96734026
209.4405863 21.16766992
211.6462794 22.37562489
213.9556249 23.58677607
216.3745695 24.79593433
218.9089675 25.99709191
221.5644086 27.18337603
224.3459982 28.34702145
227.2580855 29.47937005
230.303938 30.5709066
233.4853669 31.61134044
236.8023143 32.58974236
240.2524246 33.49474451
243.8306332 34.31480701
247.5288173 35.03854995
251.3355619 35.6551411
255.2360968 36.15472092
259.2124521 36.5288371
263.2438596 36.7708536
267.3073987 36.8762956
271.3788457 36.84309436
275.4336551 36.67170409
279.4479729 36.36507749
283.3995795 35.92850257
287.2686714 35.36931983
291.0384192 34.696551
294.6952771 33.92047696
298.2290533 33.05220273
301.6327778 32.1032423
304.9024196 31.08514806
308.0365093 30.00920015
311.0357162 28.88616224
313.9024229 27.72610335
316.640325 26.53828031
319.2540734 25.33107239
321.7489689 24.11195871
324.1307096 22.88752862
326.40519 21.66351641
328.5783447 20.44485263
330.6560313 19.23572565
332.6439465 18.03964877
334.5475669 16.85952881
336.3721119 15.69773367
338.1225214 14.55615692
339.8034462 13.43627822
341.4192467 12.3392189
342.9739979 11.26579231
344.4714991 10.21654907
345.9152861 9.19181719
347.3086453 8.191737488
348.6546285 7.216294554
349.9560683 6.265343698
351.2155931 5.338634252
352.4356417 4.435829638
353.6184775 3.556524551
354.7662016 2.700259622
355.8807655 1.866533858
356.9639827 1.054815172
358.0175396 0.2645492362
359.0430053 -0.5048331003
0.04184110888 -1.25390963
1.015408876 -1.983261664
1.964978979 -2.693469824
2.891737393 -3.385110592
3.796792299 -4.058753529
4.681180118 -4.714959045
5.545871026 -5.354276638
6.39177402 -5.977243533
7.219741538 -6.584383648
8.030573709 -7.176206846
8.825022233 -7.753208411
9.603793941 -8.315868728
10.36755406 -8.864653107
11.11692921 -9.400011756
11.85251016 -9.922379844
12.57485432 -10.43217767
13.2844881 -10.92981086
13.98190904 -11.4156707
14.66758773 -11.89013442
15.3419697 -12.35356553
16.005477 -12.80631429
16.6585098 -13.24871799
17.3014478 -13.68110146
17.9346515 -14.10377741
18.55846349 -14.51704689
19.17320952 -14.92119969
19.77919954 -15.31651475
20.37672869 -15.70326056
20.9660782 -16.08169557
21.54751619 -16.45206857
22.12129846 -16.81461906
22.68766923 -17.16957764
23.24686175 -17.51716633
23.79909901 -17.85759896
24.34459423 -18.19108145
24.88355146 -18.51781217
25.41616608 -18.83798224
25.94262526 -19.15177582
26.46310838 -19.45937038
26.97778751 -19.76093702
27.48682771 -20.05664067
27.99038747 -20.34664039
28.48861902 -20.63108961
28.98166862 -20.91013631
29.46967691 -21.1839233
29.95277915 -21.45258841
30.43110553 -21.71626469
30.90478136 -21.97508059
31.37392736 -22.22916018
31.83865983 -22.47862328
32.29909091 -22.72358569
32.75532874 -22.96415928
33.20747765 -23.20045222
33.65563833 -23.43256906
34.09990804 -23.66061091
34.54038069 -23.88467559
34.97714704 -24.1048577
35.41029485 -24.3212488
35.83990894 -24.53393751
36.26607142 -24.74300963
36.68886171 -24.9485482
37.10835671 -25.15063369
37.52463089 -25.34934403
37.93775639 -25.54475473
38.34780312 -25.73693897
38.75483885 -25.92596768
39.15892929 -26.11190962
39.56013819 -26.29483148
39.95852739 -26.47479795
40.35415692 -26.65187177
40.74708507 -26.82611382
41.13736844 -26.99758318
41.52506201 -27.16633721
41.91021922 -27.33243158
42.29289201 -27.49592037
42.67313086 -27.65685609
43.0509849 -27.81528974
43.42650189 -27.97127089
43.79972833 -28.1248477
44.17070947 -28.27606698
44.53948936 -28.42497422
44.90611089 -28.57161368
45.27061587 -28.71602838
45.63304499 -28.85826015
45.99343795 -28.9983497
46.35183343 -29.13633665
46.70826912 -29.27225951
47.06278182 -29.4061558
47.4154074 -29.53806202
47.76618087 -29.66801373
48.11513639 -29.79604551
48.46230731 -29.92219109
48.80772618 -30.04648328
49.15142482 -30.16895405
49.49343427 -30.28963457
49.83378489 -30.4085552
50.17250631 -30.52574551
50.50962754 -30.64123434
50.8451769 -30.75504981
51.17918211 -30.86721932
51.51167024 -30.97776959
51.84266782 -31.08672669
52.17220077 -31.19411602
52.50029448 -31.2999624
52.82697379 -31.40428999
53.152263 -31.50712241
53.47618594 -31.60848269
53.79876591 -31.70839329
54.12002577 -31.80687615
54.4399879 -31.90395269
54.75867421 -31.99964382
55.0761062 -32.09396993
55.39230495 -32.18695096
55.70729109 -32.27860637
56.02108489 -32.36895518
56.33370621 -32.45801593
56.64517454 -32.54580677
56.95550899 -32.63234542
57.26472833 -32.71764918
57.57285096 -32.80173497
57.87989496 -32.88461932
58.18587808 -32.96631838
58.49081774 -33.04684793
58.79473106 -33.1262234
59.09763483 -33.20445988
59.39954558 -33.28157212
59.70047954 -33.35757452
60.00045266 -33.43248118
60.2994806 -33.50630588
60.59757878 -33.5790621
60.89476236 -33.65076301
61.19104623 -33.7214215
61.48644506 -33.79105017
61.78097325 -33.85966136
62.07464499 -33.92726712
62.36747425 -33.99387924
62.65947476 -34.05950927
62.95066004 -34.12416848
63.24104342 -34.18786792
63.53063798 -34.2506184
63.81945666 -34.31243048
64.10751216 -34.37331449
64.394817 -34.43328057
64.68138354 -34.4923386
64.96722392 -34.55049828
65.25235015 -34.60776908
65.53677403 -34.66416027
65.82050721 -34.71968093
66.10356117 -34.77433994
66.38594724 -34.82814599
66.6676766 -34.88110757
66.94876026 -34.93323302
67.2292091 -34.98453047
67.50903384 -35.03500788
67.78824507 -35.08467305
68.06685324 -35.13353361
68.34486867 -35.18159702
68.62230155 -35.22887058
68.89916194 -35.27536144
69.17545977 -35.32107658
69.45120486 -35.36602284
69.72640691 -35.41020691
70.00107549 -35.45363533
70.27522008 -35.49631451
70.54885003 -35.5382507
70.8219746 -35.57945002
71.09460294 -35.61991847
71.36674408 -35.65966189
71.63840698 -35.69868602
71.90960049 -35.73699645
72.18033335 -35.77459864
72.45061425 -35.81149796
72.72045173 -35.84769963
72.9898543 -35.88320875
73.25883035 -35.91803032
73.5273882 -35.95216921
73.79553607 -35.9856302
74.06328214 -36.01841792
74.33063447 -36.05053693
74.59760106 -36.08199166
74.86418986 -36.11278645
75.13040871 -36.14292551
75.3962654 -36.17241297
75.66176766 -36.20125286
75.92692313 -36.22944909
76.19173942 -36.2570055
76.45622404 -36.2839258
76.72038446 -36.31021365
76.9842281 -36.33587256
77.2477623 -36.36090599
77.51099435 -36.38531731
77.7739315 -36.40910976
78.03658093 -36.43228653
78.29894977 -36.45485072
78.56104512 -36.47680531
78.82287401 -36.49815323
79.08444343 -36.51889732
79.34576033 -36.53904031
79.6068316 -36.55858489
79.86766411 -36.57753363
80.12826466 -36.59588903
80.38864004 -36.61365353
80.64879699 -36.63082947
80.9087422 -36.64741911
81.16848234 -36.66342465
81.42802404 -36.67884821
81.6873739 -36.69369182
81.94653847 -36.70795744
82.2055243 -36.72164696
82.46433788 -36.73476221
82.72298569 -36.74730491
82.98147417 -36.75927675
83.23980975 -36.77067931
83.49799882 -36.78151413
83.75604774 -36.79178266
84.01396288 -36.80148629
84.27175056 -36.81062632
84.52941708 -36.81920401
84.78696872 -36.82722053
85.04441177 -36.83467699
85.30175246 -36.84157442
85.55899703 -36.84791381
85.81615171 -36.85369605
86.0732227 -36.85892198
86.33021619 -36.86359237
86.58713836 -36.86770792
86.84399538 -36.87126926
87.10079342 -36.87427697
87.35753862 -36.87673155
87.61423712 -36.87863344
87.87089508 -36.87998301
88.12751861 -36.88078055
88.38411385 -36.88102633
88.64068691 -36.88072049
88.89724393 -36.87986317
89.15379102 -36.87845439
89.41033429 -36.87649415
89.66687988 -36.87398234
89.9234339 -36.87091882
90.18000247 -36.86730336
90.43659173 -36.8631357
90.69320781 -36.85841546
90.94985685 -36.85314225
91.20654499 -36.84731557
91.46327839 -36.84093488
91.72006321 -36.83399957
91.97690563 -36.82650895
92.23381182 -36.81846228
92.49078799 -36.80985874
92.74784034 -36.80069746
93.0049751 -36.79097748
93.26219851 -36.78069778
93.51951682 -36.76985729
93.7769363 -36.75845485
94.03446326 -36.74648923
94.29210399 -36.73395915
94.54986484 -36.72086324
94.80775215 -36.70720007
95.06577232 -36.69296815
95.32393173 -36.67816589
95.58223681 -36.66279165
95.84069403 -36.64684372
96.09930986 -36.6303203
96.35809082 -36.61321954
96.61704344 -36.59553949
96.8761743 -36.57727814
97.13549001 -36.5584334
97.3949972 -36.53900312
97.65470255 -36.51898504
97.91461277 -36.49837686
98.17473462 -36.47717617
98.43507488 -36.4553805
98.69564037 -36.43298729
98.95643798 -36.40999391
99.21747461 -36.38639763
99.47875723 -36.36219565
99.74029283 -36.3373851
100.0020885 -36.31196299
100.2641513 -36.28592627
100.5264883 -36.25927179
100.7891069 -36.23199633
101.0520143 -36.20409656
101.3152177 -36.17556906
101.5787245 -36.14641035
101.8425422 -36.11661681
102.1066782 -36.08618475
102.3711402 -36.0551104
102.6359356 -36.02338985
102.9010723 -35.99101914
103.1665579 -35.95799417
103.4324002 -35.92431077
103.6986071 -35.88996463
103.9651866 -35.85495138
104.2321468 -35.8192665
104.4994956 -35.78290539
104.7672414 -35.74586333
105.0353923 -35.70813549
105.3039567 -35.66971693
105.572943 -35.63060258
105.8423598 -35.59078727
106.1122156 -35.5502657
106.3825193 -35.50903245
106.6532794 -35.46708197
106.924505 -35.42440859
107.196205 -35.38100652
107.4683885 -35.33686982
107.7410647 -35.29199242
108.0142428 -35.24636814
108.2879323 -35.19999062
108.5621428 -35.15285339
108.8368837 -35.10494982
109.1121649 -35.05627315
109.3879963 -35.00681644
109.6643877 -34.95657262
109.9413494 -34.90553446
110.2188915 -34.85369458
110.4970244 -34.80104541
110.7757587 -34.74757925
111.055105 -34.69328819
111.3350741 -34.63816418
111.6156768 -34.58219898
111.8969244 -34.52538417
112.178828 -34.46771116
112.461399 -34.40917114
112.744649 -34.34975513
113.0285897 -34.28945395
113.313233 -34.22825822
113.5985909 -34.16615836
113.8846757 -34.10314455
114.1714999 -34.03920679
114.4590759 -33.97433484
114.7474168 -33.90851825
115.0365353 -33.84174632
115.3264448 -33.77400812
115.6171586 -33.70529248
115.9086904 -33.63558799
116.201054 -33.56488298
116.4942634 -33.49316552
116.7883331 -33.42042341
117.0832774 -33.34664418
117.3791112 -33.27181508
117.6758495 -33.19592308
117.9735076 -33.11895484
118.272101 -33.04089675
118.5716456 -32.96173486
118.8721573 -32.88145491
119.1736527 -32.80004232
119.4761482 -32.71748219
119.779661 -32.63375925
120.0842083 -32.54885789
120.3898076 -32.46276215
120.696477 -32.3754557
121.0042345 -32.2869218
121.3130989 -32.19714336
121.6230891 -32.10610286
121.9342243 -32.01378239
122.2465243 -31.92016359
122.5600092 -31.82522768
122.8746994 -31.72895545
123.1906157 -31.63132719
123.5077795 -31.53232275
123.8262126 -31.43192148
124.145937 -31.33010223
124.4669755 -31.22684334
124.7893511 -31.12212262
125.1130874 -31.01591732
125.4382085 -30.90820414
125.7647391 -30.79895921
126.0927042 -30.68815804
126.4221296 -30.57577555
126.7530415 -30.46178603
127.0854668 -30.34616309
127.419433 -30.22887969
127.754968 -30.1099081
128.0921006 -29.98921986
128.4308602 -29.8667858
128.7712768 -29.74257597
129.1133813 -29.61655964
129.457205 -29.48870528
129.8027804 -29.35898051
130.1501403 -29.22735212
130.4993186 -29.09378597
130.8503501 -28.95824704
131.2032702 -28.82069934
131.5581154 -28.68110591
131.914923 -28.53942877
132.2737314 -28.39562891
132.6345798 -28.24966622
132.9975085 -28.10149948
133.362559 -27.95108632
133.7297738 -27.79838317
134.0991964 -27.64334522
134.4708716 -27.48592638
134.8448456 -27.32607924
135.2211656 -27.16375501
135.5998802 -26.99890349
135.9810395 -26.831473
136.3646948 -26.66141035
136.7508991 -26.48866075
137.1397068 -26.31316779
137.531174 -26.13487335
137.9253584 -25.95371756
138.3223193 -25.76963873
138.722118 -25.58257327
139.1248177 -25.39245562
139.5304833 -25.19921819
139.939182 -25.00279128
140.3509829 -24.80310299
140.7659574 -24.60007914