fjhgfghjfghj
0 26.56505118
274.2563718 26.43713649
278.4780358 26.18511326
282.6436017 25.81404059
286.7337064 25.33111705
290.7315569 24.74528896
294.6232654 24.0667982
298.3979773 23.30671236
302.0478154 22.47647486
305.5676789 21.58750416
308.9549452 20.65086055
312.2091146 19.6769887
315.3314389 18.67553563
318.3245591 17.65523768
321.1921731 16.62386641
323.938743 15.58822175
326.5692473 14.55416076
329.088977 13.52665136
331.5033728 12.50984208
333.8178987 11.50714031
336.0379472 10.52129377
338.1687692 9.554470933
340.2154263 8.608337734
342.1827584 7.684128835
344.0753644 6.782712465
345.8975936 5.90464847
347.653543 5.050239605
349.3470607 4.219576333
350.9817532 3.412575604
352.5609943 2.629014132
354.0879368 1.868556758
355.5655241 1.130780452
356.9965027 0.415194509
358.3834349 -0.2787425613
359.7287107 -0.951608989
1.03455969 -1.604008135
2.303062394 -2.236558958
3.536160973 -2.849888228
4.735669228 -3.444624233
5.903282023 -4.021391724
7.040584061 -4.580807895
8.149058027 -5.123479246
9.230092131 -5.64999915
10.28498709 -6.160946032
11.31496259 -6.656882033
12.32116318 -7.138352075
13.30466382 -7.605883262
14.26647487 -8.059984547
15.20754677 -8.501146612
16.1287743 -8.929841926
17.03100054 -9.346524933
17.91502047 -9.751632357
18.78158434 -10.14558358
19.63140073 -10.52878109
20.46513942 -10.90161097
21.28343395 -11.26444343
22.08688411 -11.61763332
22.8760581 -11.96152073
23.65149464 -12.29643153
24.41370486 -12.62267793
25.16317407 -12.94055902
25.90036336 -13.25036134
26.62571116 -13.55235942
27.33963459 -13.84681626
28.04253083 -14.13398388
28.73477823 -14.41410376
29.41673753 -14.68740736
30.08875283 -14.95411654
30.75115259 -15.21444399
31.40425055 -15.46859368
32.04834653 -15.71676122
32.68372723 -15.95913426
33.31066701 -16.19589285
33.92942847 -16.42720982
34.5402632 -16.65325103
35.14341231 -16.87417578
35.739107 -17.09013705
36.3275691 -17.3012818
36.90901154 -17.50775125
37.48363883 -17.70968115
38.05164748 -17.90720201
38.6132264 -18.10043932
39.16855729 -18.28951381
39.71781499 -18.47454164
40.26116782 -18.6556346
40.79877792 -18.83290033
41.33080148 -19.00644245
41.85738912 -19.1763608
42.37868606 -19.34275154
42.89483243 -19.50570736
43.40596349 -19.66531759
43.91220984 -19.82166838
44.41369765 -19.9748428
44.91054885 -20.12492098
45.40288131 -20.27198027
45.89080904 -20.41609528
46.37444233 -20.55733807
46.85388796 -20.69577819
47.32924927 -20.83148285
47.8006264 -20.96451696
48.26811634 -21.09494322
48.73181313 -21.22282226
49.19180794 -21.34821268
49.6481892 -21.47117114
50.1010427 -21.59175244
50.55045172 -21.71000957
50.99649712 -21.82599382
51.43925743 -21.93975483
51.87880895 -22.05134062
52.31522581 -22.1607977
52.7485801 -22.2681711
53.17894193 -22.37350442
53.60637947 -22.47683989
54.03095909 -22.57821845
54.45274536 -22.67767974
54.87180117 -22.77526219
55.28818776 -22.87100305
55.7019648 -22.96493843
56.11319041 -23.05710334
56.5219213 -23.14753174
56.9282127 -23.23625656
57.33211854 -23.32330974
57.73369138 -23.40872227
58.13298255 -23.49252423
58.53004215 -23.57474481
58.92491909 -23.65541231
59.31766113 -23.73455425
59.70831496 -23.8121973
60.09692618 -23.88836737
60.48353938 -23.96308964
60.86819815 -24.03638852
61.25094511 -24.10828776
61.63182199 -24.17881039
62.01086958 -24.2479788
62.38812784 -24.31581474
62.76363588 -24.38233932
63.13743198 -24.44757309
63.50955368 -24.51153597
63.88003772 -24.57424735
64.24892014 -24.63572606
64.61623626 -24.69599038
64.9820207 -24.7550581
65.34630743 -24.8129465
65.70912979 -24.86967236
66.07052047 -24.92525201
66.43051157 -24.9797013
66.78913462 -25.03303565
67.14642057 -25.08527002
67.50239983 -25.13641898
67.85710228 -25.18649667
68.21055729 -25.23551682
68.56279372 -25.2834928
68.91383998 -25.33043757
69.26372399 -25.37636375
69.61247322 -25.42128356
69.96011473 -25.46520892
70.30667511 -25.50815137
70.6521806 -25.55012212
70.996657 -25.59113208
71.34012975 -25.63119181
71.68262391 -25.67031159
72.02416418 -25.70850137
72.36477492 -25.74577083
72.70448015 -25.78212933
73.04330356 -25.81758599
73.38126854 -25.85214962
73.71839817 -25.88582876
74.05471523 -25.91863171
74.39024221 -25.9505665
74.72500135 -25.98164089
75.05901461 -26.01186241
75.39230369 -26.04123835
75.72489005 -26.06977575
76.05679491 -26.09748143
76.38803926 -26.12436196
76.71864387 -26.1504237
77.04862929 -26.17567279
77.37801587 -26.20011514
77.70682377 -26.22375647
78.03507293 -26.24660226
78.36278315 -26.2686578
78.68997402 -26.28992819
79.01666497 -26.31041831
79.34287528 -26.33013285
79.66862406 -26.3490763
79.99393028 -26.36725297
80.31881278 -26.38466697
80.64329023 -26.40132224
80.9673812 -26.41722252
81.29110414 -26.43237138
81.61447737 -26.44677219
81.93751911 -26.46042818
82.26024745 -26.47334237
82.58268043 -26.48551762
82.90483595 -26.49695661
83.22673186 -26.50766188
83.5483859 -26.51763576
83.86981575 -26.52688044
84.19103903 -26.53539792
84.51207327 -26.54319007
84.83293596 -26.55025856
85.15364454 -26.55660493
85.47421639 -26.56223052
85.79466886 -26.56713654
86.11501925 -26.57132404
86.43528483 -26.57479388
86.75548286 -26.57754679
87.07563057 -26.57958333
87.39574516 -26.5809039
87.71584384 -26.58150875
88.03594381 -26.58139796
88.35606226 -26.58057145
88.67621639 -26.57902901
88.99642342 -26.57677023
89.31670058 -26.57379456
89.63706512 -26.57010131
89.95753431 -26.56568961
90.27812546 -26.56055842
90.59885592 -26.55470656
90.91974307 -26.54813268
91.24080435 -26.54083527
91.56205725 -26.53281266
91.88351931 -26.524063
92.20520815 -26.51458431
92.52714144 -26.5043744
92.84933695 -26.49343095
93.1718125 -26.48175145
93.49458603 -26.46933321
93.81767554 -26.45617341
94.14109916 -26.44226901
94.4648751 -26.42761682
94.78902169 -26.41221347
95.11355738 -26.39605541
95.43850073 -26.3791389
95.76387044 -26.36146002
96.08968534 -26.34301468
96.41596441 -26.32379857
96.74272677 -26.30380722
97.06999168 -26.28303595
97.39777861 -26.26147989
97.72610714 -26.23913396
98.05499706 -26.21599288
98.38446835 -26.19205118
98.71454115 -26.16730316
99.04523583 -26.14174292
99.37657294 -26.11536433
99.70857326 -26.08816104
100.0412578 -26.0601265
100.3746477 -26.0312539
100.7087646 -26.00153621
101.0436301 -25.97096617
101.3792661 -25.93953625
101.715695 -25.90723869
102.0529392 -25.87406549
102.3910215 -25.84000837
102.729965 -25.80505879
103.0697931 -25.76920795
103.4105295 -25.73244675
103.7521982 -25.69476585
104.0948236 -25.65615558
104.4384304 -25.61660599
104.7830437 -25.57610684
105.1286889 -25.53464755
105.4753919 -25.49221726
105.8231788 -25.44880475
106.1720763 -25.40439849
106.5221114 -25.35898659
106.8733117 -25.31255684
107.2257051 -25.26509663
107.5793199 -25.216593
107.9341851 -25.16703262
108.29033 -25.11640176
108.6477846 -25.06468629
109.0065792 -25.01187167
109.3667448 -24.95794294
109.7283129 -24.9028847
110.0913157 -24.8466811
110.4557859 -24.78931585
110.8217568 -24.73077216
111.1892623 -24.67103278
111.5583372 -24.61007993
111.9290167 -24.54789534
112.301337 -24.48446018
112.6753347 -24.41975511
113.0510473 -24.35376018
113.4285133 -24.28645489
113.8077717 -24.21781813
114.1888625 -24.14782816
114.5718265 -24.07646262
114.9567054 -24.00369847
115.3435419 -23.92951199
115.7323795 -23.85387877
116.1232629 -23.77677366
116.5162376 -23.69817076
116.9113504 -23.6180434
117.308649 -23.53636409
117.7081824 -23.45310452
118.1100006 -23.36823553
118.5141551 -23.28172705
118.9206983 -23.19354811
119.3296841 -23.10366677
119.741168 -23.01205012
120.1552064 -22.9186642
120.5718577 -22.82347402
120.9911813 -22.72644348
121.4132387 -22.62753534
121.8380926 -22.52671118
122.2658077 -22.42393136
122.6964503 -22.31915498
123.1300886 -22.21233979
123.5667927 -22.10344221
124.0066346 -21.99241721
124.4496886 -21.8792183
124.8960308 -21.76379745
125.3457399 -21.64610503
125.7988966 -21.52608978
126.2555843 -21.40369869
126.7158886 -21.27887697
127.1798981 -21.15156795
127.6477038 -21.02171305
128.1193999 -20.88925165
128.5950831 -20.75412102
129.0748538 -20.61625626
129.558815 -20.47559017
130.0470737 -20.33205317
130.5397401 -20.18557323
131.0369281 -20.03607569
131.5387555 -19.88348322
132.0453443 -19.72771567
132.5568205 -19.56868995
133.0733147 -19.40631991
133.5949621 -19.24051618
134.1219027 -19.07118607
134.6542817 -18.89823338
135.1922495 -18.72155825
135.7359624 -18.54105702
136.2855823 -18.35662204
136.8412774 -18.16814145
137.4032224 -17.97549907
137.971599 -17.77857412
138.5465959 -17.57724105
139.1284094 -17.37136929
139.7172439 -17.16082303
140.3133121 -16.94546099
140.9168357 -16.72513613
141.5280457 -16.49969537
142.1471829 -16.26897934
142.7744986 -16.03282206
143.4102553 -15.7910506
144.0547269 -15.54348479
144.7081999 -15.28993684
145.3709737 -15.03021099
146.0433618 -14.76410313
146.7256921 -14.49140037
147.4183084 -14.21188068
148.121571 -13.9253124
148.8358576 -13.6314538
149.5615649 -13.33005262
150.2991096 -13.02084559
151.0489293 -12.70355789
151.8114844 -12.37790265
152.5872596 -12.04358041
153.3767652 -11.70027859
154.180539 -11.34767088
154.9991483 -10.98541674
155.8331919 -10.61316078
156.6833022 -10.23053223
157.5501478 -9.837144397
158.434436 -9.432594105
159.3369156 -9.016461219
160.2583801 -8.588308188
161.1996709 -8.147679654
162.161681 -7.69410214
163.1453588 -7.227083851
164.1517127 -6.746114602
165.1818153 -6.250665927
166.2368086 -5.740191392
167.3179095 -5.214127183
168.4264159 -4.671893013
169.5637127 -4.11289344
170.731279 -3.536519663
171.9306958 -2.942151921
173.1636538 -2.329162604
174.4319622 -1.69692023
175.7375583 -1.044794455
177.0825173 -0.3721623302
178.4690632 0.3215839796
179.8995796 1.037027716
181.376622 1.774715988
182.9029298 2.535145804
184.4814387 3.31874727
186.1152929 4.125863485
187.8078578 4.956726643
189.5627301 5.811429787
191.3837485 6.689893647
193.2749997 7.591827995
195.2408226 8.516686971
197.2858059 9.463617918
199.4147793 10.43140345
201.6327948 11.41839673
203.9450949 12.42245021
206.3570654 13.440839
208.8741658 14.47018031
211.5018362 15.50635189
214.2453709 16.5444133
217.1097581 17.57853578
220.0994767 18.60194769
223.2182502 19.60690473
226.4687556 20.58469544
229.852292 21.52569364
233.3684199 22.41946952
237.0145885 23.25496945
240.785781 24.02077128
244.6742124 24.70541541
248.6691255 25.29780394
252.7567295 25.78764963
256.9203213 26.16594587
261.1406137 26.42542022
265.3962719 26.56092876
269.6646308 26.56975003
273.9225365 26.45174543
278.1472348 26.20936688
282.3172215 25.84751117
286.4129749 25.37323797
290.4175128 24.79538379
294.3167424 24.12411268
298.0996014 23.3704463
301.758014 22.54581171
305.2866988 21.66163669
308.6828748 20.7290116
311.9459098 19.75842677
315.0769484 18.7595855
318.0785488 17.74128668
320.9543473 16.71136701
323.7087635 15.67669131
326.3467489 14.64317916
328.8735798 13.61585722
331.2946924 12.598928
333.6155538 11.59584779
335.8415646 10.60940788
337.9779887 9.641815188
340.0299025 8.69476918
342.0021629 7.769533521
343.8993866 6.867001321
345.7259409 5.987753619
347.4859407 5.132111093
349.1832518 4.300179269
350.8214973 3.491887669
352.4040673 2.707023436
353.9341298 1.945259993
355.4146427 1.206181322
356.8483659 0.4893023926
358.2378742 -0.205913738
359.5855695 -0.8800417046
0.8936920931 -1.533682071
2.164332767 -2.167451664
3.399443 -2.781975681
4.600845265 -3.377881292
5.770242453 -3.955792513
6.909226691 -4.516326115
8.019287527 -5.060088427
9.101819523 -5.58767286
10.15812927 -6.099658044
11.18944187 -6.596606451
12.19690693 -7.079063446
13.18160405 -7.547556651
14.1445479 -8.002595602
15.08669292 -8.444671606
16.00893759 -8.87425779
16.91212844 -9.291809278
17.79706363 -9.697763483
18.6644964 -10.09254048
19.51513808 -10.47654346
20.349661 -10.85015919
21.16870111 -11.21375854
21.97286042 -11.56769706
22.7627092 -11.91231547
23.53878813 -12.24794027
24.30161013 -12.57488428
25.0516622 -12.89344721
25.78940701 -13.20391618
26.51528448 -13.50656625
27.22971312 -13.80166098
27.93309139 -14.0894529
28.62579887 -14.37018399
29.30819743 -14.6440862
29.98063225 -14.91138184
30.6434328 -15.17228406
31.29691376 -15.42699724
31.94137584 -15.6757174
32.5771066 -15.9186326
33.20438116 -16.15592326
33.82346288 -16.38776255
34.43460406 -16.6143167
35.03804645 -16.83574533
35.63402189 -17.05220174
36.2227528 -17.26383321
36.80445268 -17.47078124
37.37932654 -17.67318186
37.94757141 -17.87116584
38.50937667 -18.06485894
39.06492447 -18.25438214
39.61439006 -18.43985184
40.15794219 -18.62138005
40.69574335 -18.79907463
41.22795013 -18.97303942
41.75471345 -19.14337444
42.27617889 -19.31017606
42.79248689 -19.47353714
43.30377298 -19.63354722
43.81016807 -19.79029259
44.31179858 -19.9438565
44.80878669 -20.09431925
45.30125053 -20.24175831
45.78930433 -20.38624846
46.27305861 -20.5278619
46.75262034 -20.66666832
47.22809309 -20.80273504
47.69957716 -20.93612711
48.16716975 -21.06690736
48.63096506 -21.19513653
49.09105442 -21.32087333
49.54752642 -21.44417453
50.00046702 -21.56509502
50.44995963 -21.68368793
50.89608526 -21.80000461
51.33892256 -21.91409481
51.77854796 -22.02600664
52.21503572 -22.1357867
52.64845805 -22.2434801
53.07888515 -22.34913052
53.50638532 -22.45278028
53.93102502 -22.55447039
54.35286892 -22.65424056
54.77198001 -22.7521293
55.18841962 -22.84817393
55.6022475 -22.94241062
56.01352187 -23.03487445
56.42229949 -23.12559944
56.8286357 -23.21461858
57.23258448 -23.30196387
57.63419848 -23.38766637
58.03352909 -23.47175621
58.43062646 -23.55426262
58.82553958 -23.63521397
59.21831628 -23.71463781
59.60900329 -23.79256089
59.99764627 -23.86900915
60.38428987 -23.94400781
60.76897772 -24.01758134
61.15175252 -24.08975352
61.532656 -24.16054744
61.91172904 -24.22998552
62.28901162 -24.29808955
62.6645429 -24.3648807
63.03836121 -24.43037952
63.41050411 -24.49460601
63.7810084 -24.55757956
64.14991015 -24.61931905
64.5172447 -24.6798428
64.88304672 -24.73916864
65.24735022 -24.79731386
65.61018855 -24.8542953
65.97159445 -24.9101293
66.33160004 -24.96483175
66.69023689 -25.01841809
67.04753596 -25.07090333
67.4035277 -25.12230205
67.75824201 -25.17262843
68.11170828 -25.22189622
68.46395542 -25.27011881
68.81501183 -25.3173092
69.16490547 -25.36348003
69.51366383 -25.40864355
69.86131397 -25.45281169
70.20788254 -25.49599603
70.55339577 -25.53820781
70.89787949 -25.57945793
71.24135915 -25.61975701
71.58385983 -25.65911533
71.92540624 -25.69754287
72.26602278 -25.73504933
72.60573346 -25.77164409
72.944562 -25.80733629
73.2825318 -25.84213476
73.61966595 -25.87604807
73.95598724 -25.90908453
74.29151819 -25.94125218
74.62628104 -25.97255882
74.96029777 -26.00301198
75.29359008 -26.03261899
75.62617944 -26.06138689
75.9580871 -26.08932251
76.28933404 -26.11643247
76.61994104 -26.14272312
76.94992868 -26.16820062
77.2793173 -26.19287091
77.60812707 -26.21673971
77.93637796 -26.23981253
78.26408975 -26.26209468
78.59128204 -26.28359126
78.91797429 -26.30430717
79.24418577 -26.32424712
79.56993561 -26.34341562
79.89524277 -26.36181699
80.22012609 -26.37945536
80.54460427 -26.39633468
80.86869588 -26.4124587
81.19241936 -26.427831
81.51579305 -26.442455
81.83883516 -26.4563339
82.16156381 -26.46947076
82.48399702 -26.48186845
82.8061527 -26.49352967
83.12804871 -26.50445696
83.44970278 -26.51465267
83.77113262 -26.524119
84.09235581 -26.53285799
84.41338993 -26.54087148
84.73425244 -26.54816119
85.0549608 -26.55472865
85.37553238 -26.56057523
85.69598453 -26.56570216
86.01633456 -26.57011047
86.33659975 -26.57380107
86.65679734 -26.57677468
86.97694457 -26.57903189
87.29705865 -26.5805731
87.61715677 -26.58139858
87.93725615 -26.58150842
88.25737397 -26.58090257
88.57752744 -26.5795808
88.89773376 -26.57754274
89.21801018 -26.57478786
89.53837393 -26.57131546
89.85884229 -26.56712468
90.17943257 -26.56221453
90.50016211 -26.55658381
90.8210483 -26.55023119
91.14210857 -26.54315519
91.46336041 -26.53535414
91.78482136 -26.52682621
92.10650902 -26.51756942
92.42844108 -26.50758161
92.7506353 -26.49686047
93.07310949 -26.48540349
93.39588159 -26.47320803
93.7189696 -26.46027124
94.04239163 -26.44659012
94.3661659 -26.4321615
94.69031074 -26.41698201
95.01484457 -26.40104811
95.33978598 -26.38435609
95.66515363 -26.36690205
95.99096637 -26.34868189
96.31724316 -26.32969134
96.64400311 -26.30992593
96.9712655 -26.28938101
97.29904974 -26.26805171
97.62737546 -26.24593298
97.95626241 -26.22301955
98.28573057 -26.19930596
98.61580007 -26.17478654
98.94649126 -26.1494554
99.2778247 -26.12330642
99.60982115 -26.09633329
99.9425016 -26.06852945
100.2758873 -26.03988812
100.6099996 -26.0104023
100.9448603 -25.98006472
101.2804913 -25.94886789
101.6169149 -25.91680408
101.9541535 -25.88386528
102.2922299 -25.85004325
102.6311673 -25.81532946
102.9709889 -25.77971513
103.3117185 -25.7431912
103.65338 -25.70574832
103.9959979 -25.66737687
104.3395968 -25.6280669
104.6842018 -25.58780821
105.0298382 -25.54659023
105.376532 -25.50440212
105.7243093 -25.46123271
106.0731967 -25.41707046
106.4232213 -25.37190353
106.7744104 -25.32571972
107.1267921 -25.27850645
107.4803948 -25.23025079
107.8352471 -25.18093944
108.1913786 -25.13055868
108.5488191 -25.07909443
108.907599 -25.02653216
109.2677492 -24.97285695
109.6293013 -24.91805343
109.9922872 -24.86210578
110.3567397 -24.80499774
110.7226921 -24.74671255
111.0901784 -24.687233
111.4592331 -24.62654133
111.8298915 -24.56461932
112.2021897 -24.50144818
112.5761644 -24.43700858
112.951853 -24.37128063
113.3292939 -24.30424387
113.7085261 -24.23587722
114.0895895 -24.16615898
114.4725249 -24.09506683
114.8573739 -24.02257779
115.2441793 -23.94866817
115.6329844 -23.8733136
116.0238339 -23.79648899
116.4167733 -23.71816848
116.8118492 -23.63832545
117.2091094 -23.55693247
117.6086027 -23.47396128
118.0103791 -23.38938276
118.41449 -23.30316692
118.8209878 -23.21528283
119.2299263 -23.12569861
119.6413608 -23.0343814
120.0553479 -22.94129734
120.4719456 -22.84641147
120.8912135 -22.74968777
121.3132127 -22.65108908
121.7380061 -22.55057704
122.1656581 -22.44811208
122.596235 -22.34365339
123.0298049 -22.23715879
123.4664377 -22.12858478
123.9062054 -22.01788642
124.349182 -21.90501731
124.7954437 -21.78992951
125.2450689 -21.67257349
125.6981383 -21.55289808
126.154735 -21.43085036
126.6149446 -21.30637566
127.0788554 -21.17941742
127.5465583 -21.04991717
128.0181473 -20.9178144
128.4937191 -20.78304651
128.9733736 -20.64554872
129.4572139 -20.50525397
129.9453466 -20.36209282
130.4378816 -20.21599335
130.9349328 -20.06688108
131.4366177 -19.91467883
131.943058 -19.75930659
132.4543794 -19.60068144
132.9707123 -19.43871741
133.4921915 -19.27332532
134.0189568 -19.10441264
134.551153 -18.93188337
135.0889303 -18.75563786
135.6324445 -18.57557267
136.1818571 -18.39158033
136.737336 -18.20354926
137.2990554 -18.01136348
137.8671966 -17.81490247
138.4419478 -17.61404094
139.0235049 -17.40864858
139.6120716 -17.19858989
140.2078602 -16.98372385
140.8110917 -16.76390373
141.4219966 -16.53897678
142.0408149 -16.30878396
142.6677973 -16.07315963
143.3032056 -15.83193123
143.9473128 -15.58491896
144.6004046 -15.33193543
145.2627797 -15.07278529
145.9347503 -14.80726485
146.6166436 -14.53516168
147.3088022 -14.25625419
148.0115852 -13.97031121
148.7253693 -13.67709152
149.4505498 -13.37634338
150.187542 -13.06780405
150.936782 -12.75119928
151.6987288 -12.42624278
152.4738653 -12.09263569
153.2627 -11.75006604
154.0657687 -11.39820816
154.8836369 -11.03672217
155.7169009 -10.66525335
156.5661908 -10.28343161
157.4321728 -9.890870956
158.3155513 -9.487168905
159.2170723 -9.071906029
160.137526 -8.644645476
161.0777505 -8.204932576
162.038635 -7.752294524
163.0211241 -7.286240164
164.0262218 -6.806259909
165.054996 -6.31182583
166.1085839 -5.802391954
167.188197 -5.277394826
168.2951272 -4.736254392
169.4307532 -4.178375277
170.5965474 -3.603148551
171.7940834 -3.00995407
173.0250437 -2.398163541
174.2912292 -1.767144423
175.5945678 -1.116264866
176.9371247 -0.4448998673
178.321113 0.2475611151
179.7489047 0.9617048136
181.2230429 1.698082763
182.7462535 2.457197511
184.3214579 3.239486013
185.9517853 4.045299771
187.6405848 4.874881194
189.3914366 5.728335661
191.2081616 6.605598697
193.0948289 7.506397695
195.0557592 8.430207646
197.0955233 9.376200407
199.2189341 10.34318719
201.431028 11.32955424
203.737035 12.33319201
206.1423314 13.35141873
208.6523735 14.38090004
211.2726048 15.41756727
214.0083332 16.45653839
216.8645724 17.49204694
219.8458422 18.51738616
222.9559253 19.52487713
226.1975793 20.50587149
229.5722079 21.45080033
233.0795015 22.34928088
236.7170649 23.19029152
240.4800599 23.96242184
244.3608985 24.65419876
248.3490307 25.25448165
252.4308718 25.75290868
256.5899102 26.14036663
260.8070209 26.40944688
265.0609885 26.55484521
269.3292133 26.57366377
273.5885468 26.46558134
277.8161794 26.2328717
281.9904962 25.88026796
286.0918197 25.41468908
290.1029804 24.84485967
294.0096807 24.18086369
297.8006508 23.43367471
301.4676152 22.61470154
305.0051102 21.73537963
308.4101951 20.80682812
311.6821033 19.83958203
314.8218705 18.84340036
317.8319703 17.82714418
320.7159762 16.79871523
323.4782641 15.76504328
326.1237572 14.73211062
328.6577167 13.70500287
331.0855736 12.68797689
333.4127972 11.68453815
335.6447967 10.69752191
337.786848 9.729173822
339.8440427 8.781227216
341.8212543 7.854975045
343.7231173 6.951335565
345.5540171 6.07091124
347.3180864 5.214040884
349.0192086 4.380845267
350.6610239 3.571266648
352.2469384 2.785102734
353.7801355 2.022035651
355.2635874 1.281656498
356.7000678 0.5634860077
358.0921641 -0.1330081393
359.4422897 -0.8083969182
0.7526961834 -1.463278041
2.02548433 -2.098266156
3.262615073 -2.713984846
4.465919607 -3.311060135
5.637108894 -3.890115272
6.777782524 -4.451766582
7.889436947 -4.996620205
8.973473111 -5.525269572
10.03120351 -6.038293501
11.06385872 -6.536254791
12.07259338 -7.019699235
13.05849179 -7.489154967
14.02257295 -7.945132098
14.96579532 -8.388122556
15.88906111 -8.818600122
16.79322029 -9.237020594
17.67907426 -9.643822075
18.54737922 -10.03942533
19.39884927 -10.42423425
20.23415934 -10.79863627
21.05394778 -11.16300297
21.85881882 -11.51769052
22.64934483 -11.86304033
23.42606844 -12.19937951
24.18950438 -12.52702152
24.94014134 -12.84626664
25.67844361 -13.15740258
26.40485257 -13.46070496
27.11978813 -13.75643788
27.82365004 -14.04485438
28.51681913 -14.32619696
29.19965839 -14.60069803
29.8725141 -14.86858038
30.53571673 -15.13005758
31.18958191 -15.38533446
31.83441125 -15.63460745
32.47049315 -15.87806499
33.09810351 -16.11588788
33.71750647 -16.34824965
34.328955 -16.5753169
34.93269155 -16.79724955
35.52894856 -17.01420123
36.11794905 -17.22631953
36.69990708 -17.43374624
37.27502821 -17.63661768
37.84350995 -17.83506488
38.40554216 -18.02921386
38.96130743 -18.21918585
39.51098146 -18.40509748
40.05473339 -18.587061
40.59272609 -18.76518448
41.12511652 -18.93957198
41.65205595 -19.11032371
42.17369029 -19.27753625
42.69016026 -19.44130264
43.20160174 -19.60171258
43.70814587 -19.75885255
44.20991937 -19.91280597
44.70704468 -20.06365329
45.19964015 -20.21147213
45.68782025 -20.35633743
46.17169573 -20.49832151
46.65137377 -20.63749422
47.12695812 -20.77392301
47.5985493 -20.90767303
48.06624468 -21.03880725
48.53013863 -21.16738653
48.99032265 -21.29346969
49.4468855 -21.4171136
49.89991328 -21.53837327
50.34948956 -21.65730192
50.79569547 -21.77395101
51.23860981 -21.88837037
51.67830913 -22.0006082
52.11486781 -22.1107112
52.54835818 -22.21872456
52.97885056 -22.32469205
53.40641335 -22.42865606
53.83111311 -22.53065767
54.25301463 -22.63073669
54.67218096 -22.72893168
55.08867354 -22.82528003
55.50255221 -22.91981798
55.91387527 -23.01258068
56.32269956 -23.10360221
56.7290805 -23.19291563
57.13307213 -23.28055299
57.53472719 -23.36654541
57.93409713 -23.45092307
58.33123218 -23.53371526
58.72618137 -23.61495041
59.1189926 -23.69465612
59.50971266 -23.77285916
59.89838728 -23.84958556
60.28506113 -23.92486056
60.66977793 -23.99870869
61.0525804 -24.07115376
61.43351034 -24.14221892
61.81260866 -24.21192662
62.1899154 -24.28029869
62.56546975 -24.34735634
62.93931009 -24.41312017
63.31147402 -24.4776102
63.68199837 -24.54084588
64.05091925 -24.60284611
64.41827204 -24.66362924
64.78409145 -24.72321314
65.14841152 -24.78161514
65.51126562 -24.8388521
65.87268653 -24.8949404
66.23270641 -24.94989596
66.59135683 -25.00373425
66.94866881 -25.05647031
67.30467281 -25.10811874
67.65939875 -25.15869375
68.01287607 -25.20820913
68.36513367 -25.2566783
68.7162 -25.30411426
69.06610303 -25.35052969
69.41487028 -25.39593688
69.76252882 -25.44034776
70.10910533 -25.48377395
70.45462605 -25.5262267
70.79911684 -25.56771695
71.14260315 -25.60825534
71.4851101 -25.64785215