Ra	Dec
260	51.6
262.5838069	51.57162693
265.1631978	51.4865472
267.731817	51.34501103
270.2835048	51.14751769
272.8124019	50.89480409
275.3130403	50.58782865
277.7804188	50.22775145
280.210061	49.81591123
282.5980541	49.35380063
284.9410704	48.84304021
287.2363704	48.28535254
289.4817924	47.6825369
291.675728	47.03644534
293.8170886	46.34896064
295.9052644	45.6219764
297.9400783	44.85737966
299.9217377	44.05703584
301.8507859	43.22277628
303.728054	42.35638804
305.5546158	41.45960587
307.3317448	40.53410624
309.060876	39.58150299
310.7435703	38.60334464
312.3814839	37.60111285
313.9763412	36.57622209
315.5299116	35.53002014
317.0439897	34.46378928
318.5203788	33.37874808
319.9608771	32.27605362
321.367267	31.15680396
322.7413061	30.02204091
324.0847204	28.8727529
325.3991993	27.70987787
326.6863918	26.53430633
327.9479041	25.3468842
329.1852986	24.14841582
330.4000927	22.93966672
331.5937593	21.7213664
332.7677276	20.49421097
333.9233842	19.25886572
335.0620746	18.01596755
336.1851053	16.76612732
337.2937456	15.5099321
338.3892301	14.24794728
339.4727611	12.9807186
340.545511	11.70877414
341.6086249	10.43262617
342.6632235	9.152772917
343.7104053	7.869700283
344.7512498	6.583883528
345.7868197	5.295788845
346.8181639	4.005874921
347.8463205	2.714594447
348.8723187	1.422395597
349.8971822	0.1297234914
350.9219317	-1.16297837
351.9475875	-2.455266673
352.9751722	-3.746696857
354.0057137	-5.036821679
355.0402474	-6.325189764
356.0798194	-7.611344126
357.1254887	-8.894820666
358.1783304	-10.17514663
359.2394382	-11.45183903
0.3099268109	-12.72440299
1.390935123	-13.99233005
2.483628488	-15.25509641
3.589201441	-16.51216106
4.708880206	-17.76296388
5.843925124	-19.00692362
6.995632962	-20.24343577
8.165339046	-21.47187037
9.354419172	-22.69156969
10.56429125	-23.90184583
11.79641657	-25.10197815
13.05230066	-26.29121071
14.33349353	-27.46874948
15.64158931	-28.63375958
16.97822506	-29.78536236
18.34507853	-30.92263251
19.74386481	-32.04459504
21.17633157	-33.15022241
22.64425264	-34.23843159
24.14941972	-35.30808134
25.69363185	-36.35796966
27.27868243	-37.38683148
28.90634336	-38.39333684
30.5783461	-39.37608954
32.29635922	-40.33362645
34.06196237	-41.2644177
35.87661622	-42.16686791
37.74162854	-43.03931862
39.65811631	-43.88005223
41.62696417	-44.6872976
43.64877964	-45.4592376
45.72384603	-46.19401872
47.85207387	-46.88976306
50.03295266	-47.54458268
52.26550448	-48.15659646
54.54824189	-48.72394935
56.87913242	-49.24483388
59.25557241	-49.71751363
61.67437289	-50.14034811
64.13175988	-50.51181857
66.62339136	-50.83055383
69.14439217	-51.09535536
71.68940742	-51.30522059
74.25267384	-51.4593635
76.8281073	-51.55723157
79.40940362	-51.59851823
81.99014882	-51.58317028
84.56393408	-51.51138977
87.12447054	-51.38363036
89.66569879	-51.20058819
92.18188857	-50.96318791
94.66772489	-50.67256423
97.11837769	-50.33004021
99.5295535	-49.93710289
101.8975286	-49.49537755
104.2191643	-49.00660126
106.4919057	-48.47259688
108.7137666	-47.895248
110.8833017	-47.27647561
112.9995711	-46.61821675
115.0620971	-45.92240561
117.0708177	-45.19095707
119.0260381	-44.42575279
120.9283827	-43.62862979
122.7787473	-42.80137123
124.5782554	-41.94569946
126.3282164	-41.06327085
128.0300882	-40.1556724
129.6854437	-39.22441966
131.2959409	-38.27095598
132.8632974	-37.2966527
134.389268	-36.30281017
135.8756264	-35.29065937
137.3241489	-34.26136415
138.7366022	-33.21602368
140.114733	-32.15567524
141.4602594	-31.08129723
142.7748649	-29.99381219
144.0601937	-28.89408991
145.3178473	-27.78295054
146.5493822	-26.66116762
147.7563088	-25.52947111
148.940091	-24.38855026
150.1021465	-23.23905644
151.2438472	-22.08160579
152.3665208	-20.91678186
153.4714521	-19.74513801
154.5598848	-18.5671998
155.6330237	-17.3834672
156.6920365	-16.19441671
157.7380564	-15.00050339
158.7721843	-13.80216278
159.7954914	-12.5998127
160.809021	-11.39385505
161.8137918	-10.18467739
162.8107999	-8.972654619
163.8010213	-7.758150429
164.7854144	-6.541518826
165.7649222	-5.323105527
166.7404754	-4.103249344
167.712994	-2.882283524
168.6833901	-1.660537063
169.6525703	-0.4383359976
170.621438	0.783995324
171.5908959	2.006132972
172.5618482	3.227752173
173.5352029	4.448526043
174.5118747	5.668124304
175.4927867	6.886211993
176.4788733	8.102448134
177.4710825	9.316484391
178.4703781	10.52796367
179.4777426	11.73651869
180.4941791	12.94177048
181.5207143	14.14332685
182.5584006	15.34078077
183.6083187	16.53370866
184.6715801	17.72166866
185.7493293	18.90419873
186.8427462	20.08081471
187.9530487	21.2510083
189.0814941	22.41424486
190.2293817	23.56996113
191.3980544	24.71756291
192.5888998	25.85642246
193.8033517	26.98587596
195.0428904	28.10522075
196.3090431	29.21371245
197.6033829	30.31056209
198.9275275	31.394933
200.2831367	32.46593781
201.6719086	33.52263526
203.0955745	34.56402716
204.555892	35.58905527
206.0546363	36.59659842
207.5935888	37.58546977
209.1745238	38.55441436
210.7991917	39.50210707
212.4692995	40.42715115
214.1864871	41.32807742
215.9523007	42.20334431
217.7681617	43.05133905
219.6353316	43.87038004
221.5548732	44.65872086
223.5276083	45.41455588
225.5540718	46.13602799
227.6344645	46.82123843
229.7686035	47.46825906
231.9558746	48.07514707
234.1951859	48.63996231
236.4849269	49.16078699
238.8229344	49.63574783
241.2064686	50.06304001
243.6322018	50.44095281
246.0962219	50.76789586
248.5940535	51.04242565
251.1206962	51.26327107
253.6706831	51.42935715
256.2381556	51.53982597
258.8169544	51.59405389
261.4007234	51.59166412
263.9830221	51.53253421
266.5574409	51.41679799
269.1177162	51.24484186
271.6578384	51.01729573
274.1721492	50.735019
276.655425	50.39908225
279.1029425	50.0107456
281.510527	49.57143461
283.8745809	49.08271472
286.1920958	48.54626525
288.4606477	47.96385365
290.6783783	47.33731093
292.8439658	46.66850866
294.9565869	45.95933803
297.0158722	45.21169136
299.0218593	44.42744588
300.974944	43.60845016
302.8758317	42.75651287
304.7254906	41.87339377
306.5251084	40.96079684
308.2760506	40.02036519
309.979825	39.05367766
311.6380479	38.06224679
313.2524158	37.04751794
314.8246804	36.01086944
316.3566273	34.95361349
317.8500576	33.87699769
319.3067738	32.78220707
320.7285668	31.67036649
322.1172066	30.54254326
323.4744347	29.39974995
324.8019578	28.24294733
326.1014438	27.07304732
327.3745191	25.89091597
328.6227662	24.69737634
329.8477231	23.49321145
331.0508832	22.279167
332.2336957	21.05595412
333.3975666	19.82425193
334.5438599	18.58471007
335.6738999	17.33795109
336.7889727	16.0845727
337.8903285	14.82514998
338.9791841	13.56023745
340.0567253	12.29037108
341.1241094	11.01607016
342.1824681	9.737839143
343.2329095	8.456169384
344.2765217	7.171540833
345.3143746	5.884423648
346.3475233	4.595279772
347.3770103	3.304564462
348.4038686	2.012727785
349.4291243	0.7202160825
350.4537988	-0.5725265815
351.4789125	-1.865056986
352.5054865	-3.156931321
353.534546	-4.447703759
354.5671225	-5.736925004
355.604257	-7.024140832
356.6470021	-8.308890604
357.6964254	-9.590705738
358.7536115	-10.86910815
359.8196652	-12.14360862
0.8957139891	-13.41370515
1.982910775	-14.67888122
3.082436356	-15.93860395
4.195502104	-17.19232225
5.323352402	-18.43946482
6.46726702	-19.67943812
7.628563322	-20.91162414
8.808598299	-22.13537821
10.00877033	-23.3500266
11.23052065	-24.55486401
12.47533436	-25.74915107
13.74474104	-26.93211157
15.04031462	-28.10292975
16.36367261	-29.26074743
17.71647434	-30.40466111
19.10041819	-31.53371897
20.51723746	-32.64691799
21.96869478	-33.74320098
23.45657465	-34.82145378
24.98267404	-35.88050261
26.54879052	-36.91911166
28.15670782	-37.935981
29.80817824	-38.92974501
31.50490196	-39.89897138
33.24850258	-40.84216088
35.040499	-41.75774804
36.88227323	-42.64410308
38.77503431	-43.49953508
40.71977841	-44.32229679
42.71724545	-45.11059128
44.76787298	-45.86258059
46.87174808	-46.57639657
49.02855882	-47.25015417
51.23754677	-47.88196717
53.49746264	-48.46996626
55.80652743	-49.01231965
58.16240169	-49.50725561
60.56216554	-49.95308679
63.00231211	-50.34823572
65.47875663	-50.69126064
67.98686301	-50.98088116
70.52148877	-51.21600237
73.07704833	-51.39573689
75.64759334	-51.51942353
78.22690791	-51.58664192
80.80861494	-51.59722226
83.38628963	-51.55124983
85.95357486	-51.44906379
88.50429376	-51.29125062
91.03255438	-51.0786322
93.53284242	-50.81224942
96.00009869	-50.49334175
98.42977912	-50.12332408
100.8178964	-49.70376139
103.1610434	-49.23634258
105.456399	-48.72285416
107.7017193	-48.16515467
109.8953153	-47.56515049
112.0360205	-46.92477354
114.123151	-46.24596129
116.1564602	-45.5306391
118.1360909	-44.7807052
120.0625271	-43.99801811
121.9365458	-43.18438645
123.7591711	-42.34156099
125.531632	-41.47122867
127.2553226	-40.57500843
128.9317667	-39.65444858
130.5625866	-38.71102542
132.1494753	-37.74614308
133.6941729	-36.76113413
135.1984463	-35.75726099
136.6640722	-34.73571787
138.0928231	-33.69763313
139.4864556	-32.64407197
140.8467018	-31.57603932
142.1752615	-30.49448285
143.4737973	-29.40029606
144.7439306	-28.29432141
145.9872384	-27.17735336
147.2052524	-26.05014142
148.3994578	-24.91339309
149.5712931	-23.7677767
150.722151	-22.61392419
151.8533794	-21.45243367
152.9662823	-20.28387201
154.0621221	-19.1087772
155.142121	-17.92766063
156.2074634	-16.74100927
157.2592981	-15.54928775
158.2987404	-14.35294028
159.3268747	-13.15239258
160.3447568	-11.94805361
161.3534164	-10.74031728
162.3538596	-9.529564078
163.3470712	-8.316162644
164.3340174	-7.100471233
165.315648	-5.882839175
166.292899	-4.663608271
167.266695	-3.443114149
168.2379513	-2.221687588
169.2075769	-0.9996558172
170.1764763	0.2226561984
171.1455522	1.444924494
172.1157078	2.666824838
173.0878492	3.888031467
174.0628875	5.108215815
175.0417419	6.32704522
176.0253412	7.544181621
177.014627	8.759280214
178.0105554	9.971988083
179.0141001	11.18194278
180.0262546	12.38877088
181.0480344	13.59208641
182.0804798	14.79148934
183.1246584	15.98656386
184.1816672	17.1768767
185.2526354	18.36197526
186.3387264	19.54138576
187.4411405	20.71461119
188.5611167	21.88112921
189.6999349	23.04038993
190.8589179	24.19181361
192.0394326	25.33478813
193.2428918	26.46866652
194.4707545	27.59276419
195.7245265	28.70635619
197.00576	29.8086743
198.3160528	30.89890402
199.6570458	31.97618153
201.0304203	33.03959057
202.4378933	34.08815934
203.8812114	35.1208574
205.3621432	36.13659268
206.8824688	37.13420864
208.443968	38.11248169
210.0484046	39.07011896
211.6975083	40.00575655
213.3929531	40.91795835
215.136332	41.80521574
216.9291278	42.66594819
218.7726801	43.49850507
220.668148	44.30116886
222.6164695	45.07216003
224.6183169	45.80964377
226.6740502	46.5117388
228.7836686	47.17652854
230.9467613	47.80207466
233.1624609	48.38643324
235.429399	48.9276734
237.7456692	49.42389834
240.108798	49.87326856
242.5157273	50.27402675
244.9628106	50.6245239
247.4458266	50.92324578
249.9600088	51.16883904
252.5000951	51.36013593
255.0603953	51.49617661
257.6348748	51.57622818
260.2172536	51.5997995
262.8011147	51.56665102
265.3800193	51.47679934
267.9476222	51.33051607
270.497784	51.12832115
273.0246737	50.87097104
275.5228588	50.55944228
277.9873794	50.19491124
280.4138044	49.77873105
282.7982691	49.31240654
285.137495	48.79756835
287.4287916	48.23594696
289.6700446	47.6293475
291.8596911	46.97962593
293.9966844	46.28866717
296.0804534	45.55836541
298.1108554	44.79060686
300.0881285	43.987255
302.0128425	43.15013822
303.8858511	42.28103984
305.7082469	41.38169032
307.4813192	40.45376133
309.2065152	39.49886164
310.8854054	38.51853448
312.5196533	37.51425614
314.1109884	36.48743572
315.6611833	35.43941566
317.1720342	34.37147301
318.645345	33.2848213
320.0829133	32.18061272
321.48652	31.05994066
322.8579205	29.92384249
324.1988381	28.77330241
325.5109593	27.6092544
326.7959297	26.43258522
328.0553522	25.2441373
329.2907854	24.04471171
330.5037431	22.83507094
331.6956947	21.61594166
332.8680659	20.38801737
334.0222399	19.15196097
335.1595589	17.90840713
336.2813263	16.6579647
337.3888084	15.40121889
338.4832371	14.13873341
339.5658122	12.8710525
340.6377037	11.59870287
341.7000546	10.32219558
342.7539836	9.042027789
343.8005877	7.758684466
344.8409446	6.472640073
345.8761161	5.184360131
346.90715	3.894302779
347.9350834	2.602920284
348.9609451	1.310660515
349.9857584	0.01796840283
351.0105439	-1.274712624
352.0363219	-2.566939205
353.0641155	-3.858266619
354.0949529	-5.148247346
355.1298704	-6.436429609
356.169915	-7.722355905
357.216147	-9.005561492
358.269643	-10.28557285
359.331498	-11.56190608
0.4028289982	-12.83406526
1.484776722	-14.10154077
2.578508882	-15.36380747
3.68522252	-16.62032288
4.806146565	-17.87052523
5.942544254	-19.11383145
7.095715427	-20.34963506
8.266998639	-21.57730392
9.45777306	-22.79617793
10.66946007	-24.00556663
11.90352453	-25.20474661
13.16147552	-26.39295891
14.44486663	-27.56940632
15.75529547	-28.73325048
17.09440239	-29.88360907
18.4638682	-31.01955284
19.86541069	-32.14010266
21.30077969	-33.24422658
22.77175059	-34.33083697
24.28011581	-35.39878774
25.82767409	-36.44687189
27.41621727	-37.47381919
29.04751422	-38.47829439
30.72329157	-39.45889593
32.44521104	-40.41415532
34.21484296	-41.34253745
36.03363603	-42.24244183
37.90288298	-43.11220521
39.82368241	-43.95010563
41.79689693	-44.75436817
43.8231082	-45.52317264
45.90256962	-46.25466346
48.03515784	-46.94696175
50.2203245	-47.59817995
52.45705023	-48.20643886
54.74380295	-48.76988706
57.07850313	-49.28672264
59.45849851	-49.75521676
61.88055109	-50.17373865
64.34083886	-50.54078141
66.83497414	-50.85498786
69.35804008	-51.11517543
71.90464558	-51.32035932
74.46899808	-51.46977279
77.04499227	-51.56288374
79.62631183	-51.59940679
82.20654021	-51.5793102
84.77927578	-51.50281732
87.33824623	-51.37040246
89.87741746	-51.18278135
92.39109223	-50.94089675
94.87399487	-50.64589974
97.32133957	-50.2991277
99.7288804	-49.90207986
102.092943	-49.45639141
104.4104382	-48.96380716
106.67886	-48.42615549
108.8962686	-47.8453235
111.0612629	-47.22323381
113.172943	-46.56182343
115.2308678	-45.86302505
117.2350075	-45.1287508
119.1856958	-44.36087859
121.0835808	-43.5612408
122.929579	-42.73161537
124.7248302	-41.87371891
126.4706573	-40.98920177
128.1685286	-40.07964468
129.8200247	-39.14655689
131.4268092	-38.19137542
132.9906032	-37.21546535
134.5131632	-36.22012093
135.9962633	-35.20656723
137.4416792	-34.17596238
138.851176	-33.12940007
140.2264979	-32.0679124
141.56936	-30.9924728
142.8814424	-29.90399916
144.1643857	-28.80335685
145.4197874	-27.6913619
146.6492001	-26.56878399
147.85413	-25.43634945
149.0360371	-24.29474418
150.1963349	-23.14461641
151.3363915	-21.98657939
152.4575308	-20.82121398
153.561034	-19.64907106
154.6481414	-18.47067391
155.7200545	-17.2865204
156.777938	-16.09708513
157.8229221	-14.9028214
158.8561053	-13.70416317
159.8785559	-12.50152682
160.8913155	-11.29531295
161.8954004	-10.08590799
162.8918051	-8.873685805
163.8815039	-7.659009213
164.8654538	-6.44223145
165.8445967	-5.22369759
166.8198623	-4.003745915
167.7921697	-2.78270926
168.7624306	-1.560916319
169.7315512	-0.3386929327
170.7004347	0.8836366316
171.6699839	2.10574842
172.6411032	3.327317527
173.6147011	4.548016824
174.5916929	5.767515682
175.5730026	6.985478671
176.5595656	8.201564235
177.5523312	9.415423339
178.5522647	10.62669807
179.5603503	11.8350202
180.577593	13.04000969
181.6050216	14.24127313
182.6436908	15.43840213
183.6946839	16.63097163
184.7591152	17.81853808
185.838132	19.00063764
186.9329175	20.17678415
188.0446928	21.34646713
189.1747188	22.50914957
190.3242987	23.66426565
191.4947789	24.81121836
192.6875511	25.949377
193.9040533	27.0780745
195.1457697	28.1966047
196.4142316	29.30421953
197.7110162	30.400126
199.037745	31.48348321
200.3960815	32.55339924
201.787727	33.60892806
203.2144157	34.64906638
204.6779072	35.67275064
206.1799781	36.67885407
207.7224101	37.66618402
209.3069767	38.63347948
210.9354257	39.57940914
212.60946	40.50256995
214.3307131	41.40148634
216.1007226	42.27461042
217.9208981	43.12032319
219.7924866	43.93693711
221.7165328	44.72270014
223.6938367	45.47580162
225.7249075	46.19438011
227.8099158	46.87653343
229.9486448	47.52033115
232.1404421	48.12382949
234.3841739	48.68508888
236.6781843	49.20219391
239.0202624	49.67327558
241.4076189	50.09653552
243.8368762	50.47027159
246.3040732	50.79290432
248.8046876	51.06300332
251.3336765	51.27931271
253.8855358	51.44077469
256.4543765	51.54655022
259.0340172	51.59603581
261.6180891	51.58887575
264.2001481	51.52496913
266.7737912	51.40447132
269.3327707	51.22778977
271.8711016	50.99557453
274.3831582	50.70870379
276.8637555	50.36826531
279.308214	49.97553449
281.712406	49.53195009
284.0727827	49.03908863
286.3863852	48.4986383
288.6508375	47.91237335
290.864328	47.28212956
293.0255785	46.60978141
295.1338057	45.89722141
297.1886768	45.14634163
299.1902618	44.35901786
301.1389849	43.53709616
303.0355758	42.68238179
304.8810234	41.79663046
306.6765321	40.88154155
308.4234817	39.93875322
310.1233905	38.9698391
311.7778832	37.97630639
313.3886623	36.95959506
314.9574836	35.92107808
316.4861349	34.86206237
317.9764186	33.78379039
319.4301367	32.68744221
320.8490792	31.57413791
322.2350143	30.44494026
323.5896808	29.3008575
324.9147828	28.14284632
326.2119849	26.97181479
327.48291	25.78862534
328.7291371	24.59409768
329.9522008	23.38901166
331.1535907	22.17411007
332.3347524	20.95010132
333.4970885	19.71766206
334.6419598	18.47743961
335.7706872	17.23005441
336.8845539	15.97610225
337.9848073	14.71615644
339.0726614	13.45076993
340.1492998	12.18047725
341.2158774	10.9057964
342.2735238	9.627230713
343.3233455	8.34527055
344.3664289	7.060394996
345.4038427	5.773073481
346.4366407	4.483767344
347.4658647	3.192931361
348.4925468	1.901015238
349.5177127	0.6084650741
350.5423837	-0.6842751912
351.56758	-1.976762346
352.5943231	-3.268552473
353.6236385	-4.559199519
354.6565584	-5.848253845
355.6941246	-7.135260766
356.7373909	-8.419759056
357.7874262	-9.701279421
358.8453167	-10.97934293
359.9121689	-12.2534594
0.9891122642	-13.52312572
2.077301937	-14.7878241
3.177921118	-16.04702025
4.29218379	-17.30016152
5.42133715	-18.54667489
6.566663957	-19.78596488
7.729484738	-21.01741142
8.91115979	-22.24036757
10.11309093	-23.4541571
11.3367229	-24.65807207
12.58354439	-25.85137018
13.85508855	-27.03327212
15.15293284	-28.2029588
16.47869814	-29.35956845
17.83404699	-30.50219375
19.22068062	-31.62987885
20.64033477	-32.74161642
22.09477392	-33.83634476
23.58578369	-34.91294499
25.11516124	-35.9702384
26.6847032	-37.00698406
28.29619096	-38.02187682
29.95137287	-39.01354573
31.65194319	-39.98055312
33.39951741	-40.92139443
35.19560368	-41.83449904
37.04157044	-42.7182322
38.9386099	-43.57089841
40.88769792	-44.39074637
42.88955033	-45.17597574
44.94457664	-45.92474599
47.05283186	-46.6351875
49.21396803	-47.30541494
51.42718685	-47.93354326
53.69119579	-48.517706
56.00416981	-49.05607602
58.36372144	-49.54688822
60.76688182	-49.988464
63.21009543	-50.37923674
65.68923057	-50.71777774
68.19960746	-51.00282164
70.73604474	-51.23329053
73.29292419	-51.40831565
75.86427246	-51.52725575
78.44385726	-51.58971133
81.02529453	-51.59553402
83.60216218	-51.54483049
86.16811542	-51.43796092
88.7169988	-51.27553189
91.24294998	-51.05838414
93.74049126	-50.78757572
96.20460562	-50.46436141
98.63079524	-50.09016926
101.0151215	-49.66657522
103.3542268	-49.19527691
105.6453395	-48.67806737
107.8862632	-48.11680953
110.0753544	-47.51341226
112.2114883	-46.86980818
114.2940194	-46.18793391
116.3227352	-45.46971259
118.2978088	-44.71703915
120.21975	-43.93176785
122.0893577	-43.11570233
123.9076746	-42.27058785
125.6759442	-41.39810544
127.3955725	-40.49986787
129.0680922	-39.57741714
130.6951321	-38.63222324
132.2783895	-37.665684
133.8196071	-36.67912581
135.3205528	-35.67380508
136.7830031	-34.65091022
138.2087292	-33.611564
139.5994858	-32.5568263
140.957002	-31.48769697
142.2829746	-30.4051189
143.5790627	-29.30998107
144.8468835	-28.20312167
146.0880104	-27.08533119
147.3039709	-25.9573554
148.4962461	-24.81989832
149.6662705	-23.67362507
150.8154329	-22.51916455
151.9450773	-21.35711213
153.0565041	-20.18803208
154.150972	-19.01246002
155.2297001	-17.83090517
156.2938695	-16.64385251
157.344626	-15.45176483
158.3830822	-14.2550847
159.41032	-13.05423632
160.4273928	-11.8496273
161.4353283	-10.64165033
162.4351306	-9.430684844
163.4277828	-8.217098517
164.4142497	-7.001248787
165.3954798	-5.783484289
166.3724079	-4.564146242
167.3459578	-3.343569808
168.3170443	-2.122085412
169.2865758	-0.9000200426
170.2554565	0.3223014697
171.2245892	1.544555184
172.1948772	2.766416786
173.1672268	3.98756032
174.14255	5.207656915
175.1217664	6.426373498
176.105806	7.643371479
177.0956114	8.858305409
178.0921403	10.07082161
179.0963679	11.28055675
180.1092894	12.48713637
181.1319224	13.69017337
182.1653096	14.88926642
183.2105208	16.08399829
184.2686558	17.27393409
185.3408465	18.45861952
186.4282595	19.63757884
187.5320984	20.81031297
188.6536055	21.97629729
189.7940645	23.13497944
190.9548018	24.28577697
192.1371884	25.42807488
193.342641	26.56122307
194.5726227	27.68453359
195.8286433	28.79727787
197.1122593	29.89868382
198.4250722	30.98793281
199.7687268	32.06415663
201.1449077	33.12643433
202.5553351	34.17378917
204.001758	35.20518548
205.4859466	36.21952573
207.0096821	37.21564764
208.5747438	38.1923217
210.1828938	39.14824891
211.8358585	40.08205908
213.5353065	40.99230977
215.2828232	41.87748598
217.0798812	42.73600089
218.927807	43.56619779
220.8277431	44.36635338
222.7806075	45.13468281
224.7870485	45.86934658
226.8473982	46.56845955
228.9616234	47.2301023
231.1292771	47.8523349
233.3494516	48.43321329
235.6207347	48.97080811
237.9411732	49.46322596
240.3082448	49.90863275
242.7188414	50.30527878
245.1692671	50.65152489
247.6552523	50.94586895
250.171986	51.1869719
252.7141662	51.37368231
255.2760689	51.50505847
257.8516337	51.5803871
260.4345633	51.59919777
263.0184329	51.56127234
265.5968057	51.466649
268.1633482	51.31562069
270.7119418	51.10872797
273.2367845	50.84674676
275.7324798	50.53067156
278.1941094	50.16169491
280.6172881	49.74118412
282.9981994	49.27065607
285.3336139	48.75175128
287.6208901	48.18620797
289.8579612	47.57583695
292.0433092	46.92249794
294.1759294	46.22807787
296.2552886	45.49447136
298.2812787	44.72356374
300.2541678	43.91721639
302.174552	43.0772547
304.0433073	42.20545823
305.8615449	41.30355305
307.6305693	40.37320603
309.3518399	39.41602083
311.0269367	38.43353539
312.65753	37.42722061
314.2453544	36.39848022
315.7921856	35.34865132
317.2998214	34.27900578
318.7700658	33.19075205
320.204716	32.08503747
321.6055512	30.96295077
322.9743246	29.82552491
324.312757	28.67373987
325.6225316	27.50852569
326.9052909	26.33076539
328.1626341	25.14129794
329.3961163	23.94092115
330.6072477	22.73039448
331.7974942	21.5104418
332.9682778	20.28175404
334.1209784	19.04499167
335.256935	17.80078719
336.3774478	16.54974743
337.4837802	15.29245576
338.5771615	14.02947424
339.6587887	12.7613456
340.7298297	11.48859521
341.7914254	10.21173291
342.8446924	8.931254809
343.8907262	7.647644965
344.9306031	6.361377044
345.9653834	5.072915905
346.9961141	3.782719151
348.0238316	2.491238632
349.0495639	1.198921921
350.0743341	-0.09378623066
351.0991627	-1.386442456
352.1250701	-2.678603342
353.1530796	-3.969823996
354.1842202	-5.259656609
355.2195288	-6.547648998
356.2600534	-7.833343131
357.3068556	-9.116273613
358.3610133	-10.39596614
359.4236235	-11.6719359
0.4958046401	-12.94368594
1.578699853	-14.21070543
2.67347908	-15.47246789
3.781341883	-16.72842934
4.903519912	-17.97802638
6.041279315	-19.2206741
7.195923017	-20.45576401
8.368792816	-21.68266179
9.561271258	-22.90070498
10.77478321	-24.1092005
12.01079708	-25.30742218
13.27082554	-26.49460803
14.55642573	-27.66995761
15.86919872	-28.83262908
17.21078814	-29.98173644
18.58287784	-31.11634648
19.98718824	-32.23547589
21.42547133	-33.33808832
22.89950395	-34.42309149
24.41107917	-35.48933449
25.96199534	-36.53560529
27.55404262	-37.56062846
29.18898672	-38.56306347
30.86854927	-39.54150342
32.59438491	-40.49447447
34.3680545	-41.42043625
36.1909945	-42.31778321
38.06448232	-43.18484733
39.9895979	-44.01990234
41.9671815	-44.82116959
43.99778858	-45.58682593
46.08164234	-46.31501376
48.21858516	-47.00385336
50.40803057	-47.65145765
52.64891746	-48.25594948
54.93966889	-48.81548126
57.27815811	-49.32825676
59.66168418	-49.79255492
62.08696017	-50.20675485
64.55011614	-50.56936171
67.04671909	-50.87903243
69.57181088	-51.1346006
72.11996476	-51.33509931
74.68535951	-51.47978118
77.26186939	-51.56813464
79.84316673	-51.59989551
82.42283326	-51.57505352
84.99447528	-51.49385325
87.55183785	-51.3567896
90.08891285	-51.16459776
92.60003658	-50.91823846
95.07997321	-50.61887896
97.52398145	-50.26787082
99.92786313	-49.86672523
102.2879932	-49.41708715
104.6013322	-48.92070887
106.8654227	-48.37942416
109.0783712	-47.79512347
111.2388202	-47.16973088
113.3459099	-46.50518325
115.3992351	-45.80341165
117.3987982	-45.06632539
119.3449605	-44.29579852
121.2383941	-43.49365875
123.0800353	-42.66167875
124.8710405	-41.80156936
126.6127454	-40.91497488
128.3066286	-40.00346979
129.9542783	-39.068557
131.5573633	-38.11166722
133.1176081	-37.13415932
134.6367709	-36.13732142
136.1166261	-35.12237272
137.5589487	-34.09046563
138.965502	-33.04268842
140.3380276	-31.98006798
141.6782378	-30.90357286
142.9878094	-29.81411626
144.2683789	-28.71255921
145.5215402	-27.59971361
146.7488416	-26.4763453
147.9517855	-25.34317703
149.1318277	-24.20089135
150.2903777	-23.05013338
151.4287999	-21.89151348
152.5484142	-20.72560986
153.6504983	-19.55297093
154.7362892	-18.37411772
155.8069849	-17.18954601
156.8637471	-15.99972849
157.9077035	-14.80511675
158.9399495	-13.60614314
159.9615513	-12.40322266
160.973548	-11.1967546
161.9769543	-9.987124277
162.9727626	-8.774704537
163.9619456	-7.559857324
164.945459	-6.342935122
165.9242437	-5.124282368
166.8992282	-3.904236831
167.871331	-2.683130938
168.8414632	-1.461293091
169.8105307	-0.2390489489
170.7794365	0.983277296
171.7490835	2.205361656
172.7203763	3.426879081
173.6942239	4.647502191
174.6715423	5.866899994
175.6532564	7.084736585
176.6403026	8.300669817
177.6336315	9.514349945
178.6342101	10.72541823
179.643024	11.93350548
180.6610803	13.13823057
181.6894099	14.33919887
182.7290698	15.53600063
183.781146	16.72820925
184.8467554	17.91537953
185.9270484	19.09704577
187.0232113	20.27271983
188.1364686	21.44188901
189.2680848	22.60401393
190.4193666	23.75852617
191.5916645	24.90482594
192.7863742	26.04227949
194.0049374	27.1702165
195.2488427	28.28792734
196.5196255	29.39466016
197.8188669	30.48961797
199.1481923	31.57195558
200.5092687	32.64077655
201.9038007	33.69512999
203.3335253	34.73400753
204.8002042	35.75634026
206.3056151	36.76099579
207.8515402	37.7467756
209.4397517	38.71241267
211.071995	39.65656946
212.7499685	40.57783659
214.4752994	41.47473214
216.249516	42.34570186
218.0740163	43.18912057
219.9500324	44.00329477
221.8785906	44.78646688
223.8604686	45.53682125
225.8961496	46.25249216
227.985774	46.93157412
230.1290904	47.57213447
232.3254078	48.17222861
234.5735502	48.72991771
236.8718164	49.24328887
239.2179473	49.71047755
241.6091041	50.12969199
244.0418591	50.49923886
246.5122025	50.81754977
249.0155654	51.08320763
251.5468627	51.29497196
254.1005534	51.45180234
256.6707191	51.55287867
259.2511571	51.59761775
261.8354861	51.58568503
264.4172598	51.51700116
266.9900824	51.39174301
269.5477228	51.21033906
272.0842216	50.97345937
274.5939858	50.68200085
277.07187	50.33706828
279.5132386	49.93995216
281.9140111	49.4921043
284.270688	48.9951121
286.5803592	48.45067245
288.8406972	47.86056621
291.0499366	47.22663379
293.2068425	46.55075247
295.3106716	45.83481586
297.3611272	45.08071574
299.3583114	44.29032633
301.3026764	43.46549108
303.1949759	42.60801182
305.0362191	41.71964011
306.8276273	40.80207073
308.5705937	39.85693683
310.2666472	38.88580684
311.9174206	37.89018259
313.5246224	36.87149867
315.090012	35.83112268
316.6153797	34.77035627
318.1025286	33.69043679
319.5532606	32.59253934
320.9693644	31.47777926
322.3526064	30.34721476
323.7047229	29.20184981
325.027415	28.04263701
326.3223442	26.87048061
327.5911299	25.68623944
328.8353476	24.49072986
330.0565281	23.2847286
331.2561577	22.06897553
332.4356783	20.84417639
333.596489	19.61100532
334.7399473	18.37010738
335.8673711	17.12210091
336.9800403	15.86757976
338.0791996	14.60711554
339.1660605	13.3412596
340.241804	12.07054504
341.3075829	10.79548863
342.3645247	9.516592542
343.4137343	8.234346171
344.4562964	6.94922775
345.4932784	5.661705989
346.525733	4.372241632
347.5547011	3.081288985
348.5812142	1.789297401
349.6062974	0.4967127468
350.6309719	-0.7960211544
351.656258	-2.08846109
352.6831773	-3.380163027
353.7127557	-4.670680677
354.7460262	-5.959564051
355.7840315	-7.246357989
356.8278265	-8.530600671
357.8784813	-9.811822081
358.9370838	-11.08954244
0.004742336473	-12.36327058
1.082588325	-13.63250225
2.171779066	-14.8967184
3.273500227	-16.15538333
4.388968424	-17.4079428
5.519433676	-18.65382203
6.666181749	-19.89242364
7.830536343	-21.12312546
9.013861074	-22.34527825
10.21756119	-23.5582033
11.44308497	-24.76118997
12.69192468	-25.95349304
13.96561703	-27.13433009
15.265743	-28.30287865
16.59392684	-29.45827337
17.95183426	-30.59960308
19.34116931	-31.72590788
20.76367012	-32.83617612
22.22110297	-33.92934158
23.71525452	-35.00428062
25.24792204	-36.05980959
26.82090111	-37.09468246
28.43597065	-38.10758882
30.09487489	-39.09715239
31.79930203	-40.06193015
33.55085918	-41.00041224
35.35104359	-41.91102286
37.20120982	-42.79212236
39.10253299	-43.6420107
41.05596833	-44.45893255
43.06220727	-45.24108424
45.12163094	-45.98662279
47.23426197	-46.69367715
49.39971601	-47.36036185
51.61715465	-47.98479315
53.88524185	-48.56510758
56.20210634	-49.0994828
58.56531251	-49.58616054
60.97184255	-50.02347108
63.41809237	-50.40985888
65.8998836	-50.74390841
68.41249312	-51.02436957
70.95070116	-51.25018156
73.5088575	-51.42049434
76.08096444	-51.53468671
78.66077412	-51.5923801
81.24189631	-51.59344753
83.81791244	-51.53801709
86.38249084	-51.42646989
88.92949819	-51.25943252
91.45310238	-51.03776442
93.94786283	-50.76254068
96.4088051	-50.43503117
98.83147781	-50.05667695
101.2119911	-49.62906473
103.5470372	-49.15390066
105.8338934	-48.63298412
108.070411	-48.06818228
110.2549913	-47.46140633
112.3865513	-46.81458947
114.4644834	-46.12966731
116.4886089	-45.40856073
118.4591307	-44.65316122
120.3765841	-43.86531873
122.2417899	-43.0468319
124.0558086	-42.1994404
125.8198983	-41.32481935
127.5354764	-40.42457533
129.2040844	-39.50024404
130.8273573	-38.55328915
132.4069967	-37.58510219
133.9447477	-36.59700341
135.4423792	-35.59024323
136.9016672	-34.56600424
138.3243816	-33.52540368
139.7122751	-32.46949611
141.067074	-31.39927636
142.3904718	-30.31568253
143.6841239	-29.2195991
144.9496439	-28.11186004
146.1886011	-26.99325186
147.4025189	-25.86451665
148.5928743	-24.72635498
149.761098	-23.57942872
150.9085747	-22.42436381
152.0366445	-21.26175285
153.1466042	-20.09215756
154.2397092	-18.91611122
155.3171749	-17.73412087
156.3801795	-16.54666951
157.4298658	-15.35421813
158.4673438	-14.15720765
159.4936927	-12.95606078
160.5099636	-11.75118379
161.5171822	-10.54296817
162.5163507	-9.331792283
163.5084505	-8.118022874
164.4944448	-6.902016574
165.475281	-5.684121326
166.4518929	-4.46467778
167.4252034	-3.244020643
168.3961265	-2.022479997
169.3655703	-0.8003825972
170.3344389	0.42194685
171.3036348	1.644184419
172.2740616	2.866005701
173.2466261	4.087084538
174.2222406	5.307091748
175.2018257	6.525693833
176.1863123	7.742551664
177.1766443	8.95731914
178.1737806	10.16964181
179.1786983	11.37915543
180.1923941	12.58548453
181.215888	13.78824085
182.2502246	14.98702175
183.2964763	16.18140855
184.3557456	17.37096477
185.4291673	18.55523433
186.5179111	19.73373959
187.6231837	20.90597933
188.7462311	22.07142664
189.8883405	23.22952667
191.0508422	24.37969428
192.2351111	25.52131155
193.4425678	26.6537252
194.6746795	27.77624393
195.9329602	28.88813551
197.2189704	29.98862398
198.5343156	31.07688654
199.8806443	32.15205055
201.2596445	33.21319038
202.6730393	34.2593243
204.1225802	35.28941141
205.6100392	36.30234866
207.1371981	37.29696806
208.7058357	38.27203411
210.3177124	39.22624167
211.9745509	40.15821429
213.6780146	41.06650315
215.4296808	41.94958689
217.2310119	42.80587243
219.0833208	43.63369695
220.9877333	44.43133143
222.9451469	45.19698573
224.9561857	45.92881573
227.0211533	46.62493251
229.1399841	47.28341389
231.3121944	47.90231848
233.5368357	48.47970218
235.8124519	49.01363731
238.1370428	49.50223401
240.508037	49.94366384
242.9222766	50.33618486
245.376016	50.67816796
247.8649379	50.96812329
250.3841868	51.20472628
252.9284213	51.38684198
255.4918843	51.51354696
258.0684902	51.58414768
260.6519252	51.5981945
263.2357576	51.55549073
265.8135534	51.45609617
268.3789914	51.30032504
270.9259747	51.08873845
273.4487309	50.82213167
275.9419001	50.50151704
278.4006062	50.12810311
280.8205098	49.7032712
283.197843	49.22855005
285.5294255	48.7055899
287.8126647	48.13613653
290.0455412	47.52200625
292.2265816	46.8650624
294.3548229	46.16719377
296.4297698	45.43029531
298.4513481	44.65625131
300.4198558	43.84692102
302.3359147	43.00412674
304.200423	42.12964419
306.0145103	41.22519502
307.7794958	40.29244127
309.4968509	39.33298147
311.1681649	38.34834824
312.795115	37.34000711
314.3794402	36.3093564
315.9229195	35.25772793
317.427352	34.18638834
318.8945421	33.09654106
320.326286	31.98932858
321.7243615	30.86583499
323.0905195	29.72708883
324.426478	28.57406591
325.7339172	27.40769234
327.0144762	26.22884743
328.2697507	25.03836668
329.5012922	23.83704468
330.7106074	22.62563788
331.8991584	21.40486736
333.068364	20.17542147
334.2196004	18.93795832
335.3542035	17.69310821
336.4734704	16.44147598
337.5786617	15.18364319
338.6710038	13.92017023
339.7516913	12.65159835
340.8218897	11.37845158
341.8827379	10.10123859
342.9353506	8.820454412
343.9808215	7.53658221
345.0202257	6.250094866
346.0546222	4.961456591
347.085057	3.671124458
348.1125655	2.379549909
349.1381756	1.087180233
350.1629099	-0.2055399914
351.1877887	-1.49816745
352.2138325	-2.790258665
353.2420652	-4.081368567
354.2735161	-5.371049047
355.3092231	-6.658847507
356.3502351	-7.944305376
357.397615	-9.226956596
358.4524421	-10.50632607
359.515815	-11.78192807
0.588854361	-13.05326458
1.672705156	-14.31982356
2.768539736	-15.58107718
3.877560201	-16.83647997
5.001000937	-18.08546684
6.140131017	-19.32745105
7.296256461	-20.5618221
8.470722324	-21.78794347
9.664914537	-23.00515029
10.88026146	-24.21274689
12.11823504	-25.41000429
13.38035156	-26.59615748
14.66817168	-27.77040274
15.98329992	-28.93189477
17.32738321	-30.07974382
18.70210835	-31.21301275
20.10919838	-32.33071403
21.55040739	-33.43180689
23.02751362	-34.51519441
24.5423107	-35.57972081
26.09659648	-36.62416902
27.69215934	-37.64725843
29.33076166	-38.64764322
31.01411993	-39.62391112
32.74388152	-40.57458297
34.52159758	-41.49811315
36.34869208	-42.39289107
38.22642688	-43.25724399
40.15586292	-44.08944135
42.13781783	-44.88770084
44.17282053	-45.65019643
46.26106366	-46.3750686
48.40235507	-47.06043687
50.59606982	-47.70441479
52.84110479	-48.30512741
55.135838	-48.86073106
57.4780953	-49.36943544
59.86512705	-49.82952738
62.2935974	-50.23939609
64.75958873	-50.59755891
67.25862294	-50.90268714
69.78570108	-51.1536306
72.33536128	-51.34944041
74.90175435	-51.48938871
77.47873483	-51.57298445
80.05996453	-51.59998473
82.63902424	-51.5704007
85.20952903	-51.48449818
87.76524207	-51.34279252
90.30018187	-51.14603827
92.80871887	-50.89521399
95.28565748	-50.59150296
97.72630127	-50.23627069
100.1265	-49.8310402
102.482678	-49.37746598
104.7918454	-48.87730765
107.0515931	-48.33240418
109.260074	-47.74464917
111.4159736	-47.11596807
113.518472	-46.44829743
115.5671995	-45.74356661
117.5621903	-45.00368199
119.5038331	-44.23051369
121.3928235	-43.42588472
123.2301175	-42.59156239
125.0168874	-41.72925178
126.7544819	-40.8405911
128.4443895	-39.92714858
130.0882057	-38.9904208
131.6876044	-38.03183216
133.2443134	-37.05273531
134.7600924	-36.0544123
136.2367161	-35.03807643
137.6759585	-34.00487446
139.0795812	-32.95588923
140.4493233	-31.89214248
141.7868941	-30.81459784
143.0939668	-29.72416391
144.3721743	-28.62169736
145.6231065	-27.50800601
146.8483077	-26.38385188
148.0492762	-25.24995415
149.2274638	-24.10699203
150.384276	-22.95560758
151.5210732	-21.79640829
152.6391719	-20.62996971
153.7398459	-19.45683783
154.8243288	-18.2775314
155.8938155	-17.09254417
156.9494647	-15.90234693
157.9924011	-14.70738954
159.0237177	-13.50810282
160.0444781	-12.30490032
161.0557194	-11.09818011
162.0584541	-9.888326347
163.0536728	-8.675710898
164.042347	-7.46069484
165.0254308	-6.243629912
166.0038639	-5.02485993
166.9785739	-3.804722154
167.9504786	-2.583548617
168.9204886	-1.361667439
169.8895094	-0.1394041047
170.858444	1.082917258
171.8281952	2.304972618
172.799668	3.526436772
173.7737719	4.746982078
174.7514236	5.966277172
175.7335487	7.183985661
176.721085	8.3997648
177.7149842	9.613264122
178.7162148	10.82412405
179.7257643	12.03197442
180.7446416	13.236433
181.7738798	14.43710395
182.8145384	15.63357611
183.8677057	16.82542137
184.9345015	18.01219283
186.0160793	19.19342295
187.1136285	20.36862155
188.2283769	21.53727373
189.3615928	22.6988377
190.5145865	23.85274244
191.6887122	24.99838534
192.8853698	26.1351296
194.106005	27.26230164
195.3521106	28.37918829
196.6252259	29.48503394
197.9269361	30.57903755
199.2588703	31.66034966
200.6226993	32.72806921
202.0201309	33.7812405
203.4529045	34.81885003
204.9227841	35.83982349
206.4315486	36.84302287
207.9809802	37.82724379
209.57285	38.79121314
211.2089008	39.73358718
212.8908263	40.65295018
214.6202469	41.54781385
216.3986819	42.41661762
218.2275173	43.25773011
220.1079698	44.06945191
222.0410471	44.85001993
224.0275045	45.59761357
226.0677986	46.31036292
228.1620391	46.98635922
230.3099399	47.62366775
232.5107711	48.22034318
234.7633142	48.77444754
237.065822	49.28407061
239.4159875	49.74735252
241.8109221	50.16250826
244.2471482	50.52785353
246.720607	50.84183119
249.2266838	51.10303765
251.7602513	51.31024804
254.3157325	51.46243941
256.8871798	51.55881079
259.46837	51.59879935
262.0529106	51.58209174
264.6343534	51.50863022
267.2063107	51.37861315
269.762569	51.19248994
272.2971948	50.95095062
274.804629	50.65491067
277.2797656	50.30549175
279.7180137	49.90399932
282.1153403	49.45189803
284.4682947	48.95078598
286.7740162	48.40236861
289.0302255	47.80843321
291.235203	47.17082466
293.3877572	46.49142285
295.4871843	45.77212243
297.5332233	45.01481473
299.5260082	44.22137231
301.4660187	43.39363595
303.3540324	42.53340395
305.1910785	41.64242371
306.9783946	40.72238532
308.7173873	39.77491696
310.4095958	38.80158178
312.056661	37.80387627
313.6602968	36.7832296
315.2222665	35.74100404
316.7443624	34.67849598
318.2283885	33.59693764
319.6761463	32.49749919
321.0894234	31.38129122
322.4699839	30.24936745
323.8195619	29.10272753
325.1398554	27.94232003
326.4325226	26.76904538
327.6991796	25.58375886
328.9413983	24.38727346
330.1607059	23.18036282
331.358585	21.96376392
332.5364741	20.73817983
333.6957687	19.50428222
334.8378232	18.26271388
335.9639521	17.01409105
337.0754324	15.75900573
338.1735061	14.49802775
339.2593819	13.23170692
340.3342385	11.96057493
341.3992265	10.68514729
342.4554715	9.405925067
343.5040765	8.12339668
344.5461247	6.838039524
345.5826822	5.550321596
346.6148006	4.260703059
347.6435199	2.969637753
348.6698711	1.677574693
349.6948788	0.3849595183
350.719564	-0.9077640533
351.744947	-2.2001528
352.7720496	-3.491762564
353.8018982	-4.782146813
354.8355266	-6.070855197
355.8739783	-7.357432074
356.9183094	-8.641415018
357.9695913	-9.922333284
359.0289136	-11.19970623
0.09738622623	-12.47304169
1.176142804	-13.74183428
2.266342807	-15.00556367
3.369174347	-16.26369271
4.485856685	-17.51566559
5.617642679	-18.76090576
6.765821115	-19.9988139
7.931718877	-21.22876575
9.116702909	-22.45010973
10.32218191	-23.66216465
11.54960767	-24.86421714
12.80047605	-26.05551908
14.07632732	-27.23528488
15.37874596	-28.40268869
16.70935959	-29.55686155
18.06983703	-30.69688845
19.46188516	-31.82180538
20.88724442	-32.93059639
22.34768284	-34.02219069
23.84498805	-35.0954599
25.38095735	-36.14921539
26.95738512	-37.18220601
28.57604771	-38.19311612
30.23868508	-39.18056409
31.94697916	-40.14310155
33.70252853	-41.07921335
35.50681924	-41.98731853
37.36119175	-42.86577257
39.26680381	-43.71287093
41.22458969	-44.52685431
43.23521611	-45.30591578
45.2990355	-46.04820996
47.41603776	-46.7518645
49.58580185	-47.41499391
51.80744893	-48.03571588
54.07959924	-48.61217008
56.4003351	-49.14253915
58.76717267	-49.62507178
61.17704516	-50.05810735
63.62630008	-50.44010154
66.11071257	-50.76965221
68.62551658	-51.04552462
71.16545444	-51.26667526
73.7248445	-51.43227291
76.29766548	-51.5417165
78.87765468	-51.59464846
81.45841652	-51.5909632
84.03353677	-51.53081018
86.59669766	-51.41459138
89.14178871	-51.24295331
91.66300867	-51.01677396
94.15495457	-50.73714529
96.61269488	-50.40535213
99.03182494	-50.0228483
101.4085038	-49.59123112
103.7394733	-49.11221507
106.0220598	-48.58760567
108.254162	-48.0192742
110.4342258	-47.40913398
112.5612096	-46.75911864
114.6345433	-46.07116272
116.6540818	-45.34718469
118.6200573	-44.58907254
120.5330304	-43.79867185
122.3938433	-42.97777618
124.2035741	-42.12811963
125.9634953	-41.25137133
127.6750355	-40.3491317
129.3397445	-39.42293012
130.9592635	-38.47422392
132.5352983	-37.5043984
134.0695961	-36.51476763
135.5639266	-35.50657606
137.0200655	-34.48100052
138.4397814	-33.43915272
139.8248246	-32.38208193
141.1769187	-31.31077795
142.4977539	-30.22617415
143.788982	-29.12915054
145.0522128	-28.02053687
146.2890114	-26.90111573
147.5008973	-25.7716255
148.6893434	-24.63276333
149.8557764	-23.4851879
151.0015771	-22.32952219
152.1280817	-21.16635604
153.2365835	-19.99624866
154.3283343	-18.81973097
155.4045462	-17.63730788
156.4663943	-16.44946042
157.5150184	-15.25664778
158.5515259	-14.05930926
159.5769934	-12.85786608
160.5924699	-11.65272318
161.5989788	-10.44427088
162.5975204	-9.232886478
163.5890747	-8.018935795
164.5746033	-6.802774664
165.5550524	-5.584750352
166.5313547	-4.36520295
167.5044322	-3.144466717
168.4751985	-1.922871403
169.4445611	-0.7007435396
170.413424	0.5215922807
171.3826896	1.743812138
172.3532617	2.96559152
173.3260475	4.186604057
174.30196	5.406520245
175.2819205	6.625006152
176.266861	7.841722101
177.2577263	9.056321326
178.2554772	10.26844859
179.261092	11.47773874
180.2755696	12.68381527
181.2999318	13.88628874
182.3352255	15.08475519
183.3825258	16.2787945
184.4429376	17.46796857
185.5175988	18.65181953
186.6076821	19.8298678
187.7143975	21.00161004
188.8389945	22.16651703
189.982764	23.3240314
191.1470401	24.47356528
192.3332015	25.61449782
193.542673	26.74617259
194.7769259	27.86789485
196.0374783	28.97892874
197.3258946	30.07849436
198.6437842	31.16576475
199.9927994	32.23986281
201.3746317	33.29985819
202.7910071	34.34476416
204.2436794	35.37353456
205.7344221	36.38506081
207.2650178	37.37816916
208.8372448	38.35161814
210.4528614	39.30409644
212.1135868	40.23422131
213.8210785	41.14053757
215.5769061	42.0215175
217.382521	42.87556176
219.2392224	43.70100146
221.1481192	44.49610187
223.1100882	45.25906761
225.1257287	45.98805001
227.1953157	46.68115644
229.3187506	47.33646207
231.4955127	47.95202412
233.7246125	48.52589862
236.0045497	49.05615972
238.3332767	49.54092128
240.7081731	49.97836064
243.1260308	50.36674386
245.5830549	50.70445204
248.0748805	50.99000784
250.596608	51.22210132
253.1428569	51.39961422
255.7078379	51.5216415
258.2854406	51.58750948
260.8693356	51.5967894
263.453085	51.54930606
266.0302584	51.44514085
268.5945481	51.28462928
271.1398792	51.06835288
273.6605096	50.7971262
276.1511168	50.47197927
278.606867	50.0941365
281.0234671	49.66499303
283.3971977	49.18608932
285.7249279	48.65908512
288.004114	48.08573359
290.2327835	47.46785639
292.4095076	46.80732033
294.5333646	46.1060159
296.6038968	45.36583827
298.6210636	44.58867061
300.5851926	43.77636993
302.4969311	42.93075535
304.3571989	42.05359871
306.1671436	41.14661721
307.9280993	40.211468
309.641549	39.24974447
311.3090909	38.26297391
312.9324089	37.25261647
314.5132467	36.22006509
316.0533858	35.16664626
317.554627	34.09362145
319.0187747	33.00218907
320.4476243	31.89348675
321.8429518	30.76859399
323.206506	29.62853491
324.540002	28.47428118
325.8451169	27.30675497
327.1234864	26.12683193
328.3767028	24.93534411
329.606314	23.73308287
330.8138229	22.52080168
332.0006882	21.29921886
333.1683251	20.06902019
334.3181066	18.83086141
335.4513652	17.58537068
336.5693949	16.33315084
337.6734535	15.07478164
338.7647647	13.81082184
339.8445206	12.54181121
340.9138843	11.26827246
341.9739926	9.990713057
343.0259586	8.709627032
344.0708742	7.42549663
345.109813	6.138793968
346.143833	4.849982612
347.173979	3.559519119
348.2012859	2.267854536
349.2267809	0.9754358684
350.2514863	-0.3172924619
351.2764223	-1.609887186
352.3026098	-2.901904756
353.3310728	-4.192899911
354.3628413	-5.482424237
355.3989539	-6.77002471
356.4404607	-8.055242211
357.4884257	-9.337610009
358.5439298	-10.61665221
359.6080734	-11.89188214
0.6819787862	-13.16280072
1.766793269	-14.4288947
2.863691505	-15.68963489
3.973878146	-16.94447429
5.09859033	-18.19284612
6.239100067	-19.43416182
7.396716489	-20.66780883
8.572787914	-21.89314843
9.768703667	-23.10951333
10.9858956	-24.31620526
12.22583924	-25.51249238
13.49005441	-26.69760666
14.78010533	-27.8707411
16.09759996	-29.0310469
17.44418846	-30.17763057
18.82156062	-31.30955097
20.23144202	-32.42581639
21.67558878	-33.52538158
23.15578051	-34.60714497
24.67381129	-35.66994591
26.23147838	-36.71256228
27.83056826	-37.73370828
29.47283983	-38.73203277
31.16000428	-39.70611814
32.89370151	-40.6544799
34.67547274	-41.5755672
36.50672921	-42.46776444
38.38871694	-43.32939419
40.3224776	-44.15872165
42.30880585	-44.95396091
44.34820375	-45.71328313
46.44083307	-46.43482696
48.58646675	-47.11671128
50.78444113	-47.7570504
53.0336108	-48.35397169
55.33230852	-48.90563559
57.67831262	-49.41025785
60.0688247	-49.86613341
62.50046008	-50.27166171
64.96925358	-50.62537252
67.4706824	-50.92595157
69.99970717	-51.17226514
72.55083148	-51.36338252
75.11817881	-51.49859538
77.69558478	-51.57743334
80.27670143	-51.59967475
82.85510946	-51.56535222
85.42443351	-51.47475271
87.97845556	-51.32841196
90.51122148	-51.12710375
93.01713635	-50.87182432
95.49104528	-50.56377279
97.92829699	-50.20432847
100.3247893	-49.79502596
102.676996	-49.33752913
104.9819768	-48.83360476
107.2373707	-48.28509679
109.4413766	-47.69390187
111.5927231	-47.06194663
113.6906293	-46.39116721
115.7347613	-45.68349113
117.7251843	-44.94082176
119.6623143	-44.16502523
121.5468699	-43.35791976
123.3798264	-42.5212673
125.162372	-41.65676712
126.8958679	-40.76605133
128.5818124	-39.8506819
130.221808	-38.91214909
131.8175337	-37.95187098
133.3707202	-36.97119402
134.8831289	-35.97139421
136.3565344	-34.95367898
137.7927099	-33.91918944
139.1934149	-32.86900303
140.5603862	-31.80413636
141.8953299	-30.72554819
143.1999157	-29.63414252
144.475773	-28.53077168
145.7244873	-27.41623945
146.9475993	-26.29130404
148.1466031	-25.15668108
149.3229463	-24.0130465
150.4780306	-22.86103926
151.6132125	-21.70126404
152.7298046	-20.53429374
153.8290775	-19.36067192
154.912261	-18.18091513
155.9805471	-16.99551504
157.0350914	-15.80494059
158.0770158	-14.60963992
159.1074105	-13.41004231
160.127337	-12.20655993
161.1378301	-10.99958957
162.1399003	-9.789514287
163.1345366	-8.576704968
164.1227087	-7.361521833
165.1053695	-6.144315889
166.0834577	-4.92543034
167.0578998	-3.705201946
168.029613	-2.483962359
168.9995072	-1.262039422
169.9684878	-0.03975845825
170.9374576	1.18255646
171.9073196	2.404581247
172.8789789	3.625990538
173.8533457	4.84645642
174.8313372	6.065647145
175.8138802	7.283225826
176.8019134	8.498849104
177.7963899	9.712165784
178.7982796	10.92281543
179.8085719	12.13042691
180.8282777	13.33461689
181.8584322	14.53498824
182.9000972	15.73112844
183.9543637	16.92260784
185.0223543	18.10897782
186.1052255	19.28976899
187.2041699	20.46448911
188.3204187	21.63262107
189.4552438	22.79362064
190.6099591	23.9469142
191.785923	25.09189628
192.9845391	26.22792703
194.2072573	27.35432956
195.4555744	28.47038718
196.7310338	29.57534045
198.0352248	30.66838431
199.3697803	31.74866495
200.7363746	32.81527672
202.1367186	33.86725904
203.5725546	34.90359326
205.0456483	35.92319968
206.5577798	36.92493462
208.1107314	37.90758782
209.7062729	38.86988009
211.3461442	39.81046145
213.0320343	40.72790981
214.7655568	41.62073052
216.5482215	42.48735669
218.381402	43.32615076
220.2662997	44.13540743
222.2039032	44.91335814
224.1949449	45.65817739
226.2398547	46.36799114
228.3387112	47.04088749
230.4911931	47.67492971
232.6965315	48.2681719
234.9534648	48.81867709
237.2602	49.32453789
239.6143815	49.78389926
242.013071	50.19498316
244.4527411	50.55611449
246.9292843	50.86574757
249.4380398	51.12249249
251.9738391	51.32514015
254.5310694	51.47268524
257.1037549	51.56434606
259.6856523	51.59958023
262.2703587	51.57809566
264.851425	51.49985624
267.4224724	51.3650818
269.9773056	51.17424265
272.510018	50.92804866
275.0150845	50.62743377
277.4874396	50.27353636
279.9225369	49.86767668
282.3163912	49.41133208
284.665601	48.90611116
286.9673548	48.35372772
289.2194212	47.75597533
291.4201266	47.11470315
293.5683221	46.43179359
295.6633434	45.70914215
297.704965	44.94863963
299.6933522	44.15215684
301.6290121	43.32153178
303.5127457	42.45855918
305.3456019	41.56498221
307.1288346	40.64248629
308.8638631	39.69269451
310.5522372	38.7171648
312.1956052	37.71738826
313.7956864	36.69478869
315.354248	35.65072297
316.8730841	34.58648226
318.3539993	33.50329368
319.7987949	32.40232247
321.2092569	31.2846745
322.5871477	30.15139897
323.9341986	29.00349129
325.2521047	27.84189599
326.542521	26.66750971
327.8070601	25.48118416
329.0472902	24.28372904
330.264735	23.07591486
331.4608734	21.85847577
332.6371405	20.63211216
333.7949285	19.39749325
334.9355881	18.15525959
336.0604309	16.90602534
337.170731	15.65038061
338.2677274	14.38889352
339.3526263	13.12211233
340.426604	11.85056735
341.4908089	10.57477282
342.5463647	9.295228723
343.5943726	8.012422509
344.6359143	6.726830744
345.6720546	5.438920728
346.7038441	4.149152045
347.7323219	2.857978087
348.7585183	1.565847531
349.7834576	0.2732058064
350.8081606	-1.01950347
351.8336475	-2.311837059
352.8609405	-3.603350665
353.8910667	-4.893597506
354.9250602	-6.182126859
355.9639656	-7.468482594
357.0088402	-8.752201668
358.0607568	-10.03281259
359.1208065	-11.30983386
0.1901011448	-12.58277229
1.269776334	-13.85112136
2.360993809	-15.11435943
3.464944142	-16.37194793
4.582849256	-17.62332941
5.715964861	-18.86792558
6.865582776	-20.10513517
8.033033081	-21.33433176
9.219686056	-22.55486148
10.42695385	-23.7660406
11.6562918	-24.96715304
12.90919933	-26.15744773
14.18722027	-27.33613589
15.49194259	-28.50238831
16.82499727	-29.65533236
18.18805621	-30.79404919
19.58282906	-31.91757066
21.01105857	-33.0248765
22.47451443	-34.11489136
23.97498519	-35.18648205
25.51426802	-36.23845499
27.09415607	-37.26955391
28.71642296	-38.27845788
30.3828042	-39.26377995
32.0949753	-40.22406641
33.85452605	-41.15779681
35.66293114	-42.0633851
37.52151661	-42.93918186
39.43142256	-43.7834781
41.39356203	-44.59451063
43.40857667	-45.37046932
45.47678989	-46.10950648
47.59815854	-46.80974855
49.77222456	-47.46931014
51.99806843	-48.08631051
54.27426639	-48.65889261
56.59885419	-49.18524421
58.96929966	-49.66362117
61.38248709	-50.09237213
63.83471565	-50.46996416
66.3217143	-50.79500865
68.83867443	-51.06628646
71.38030096	-51.28277142
73.94088146	-51.44365131
76.51437176	-51.54834524
79.09449512	-51.59651667
81.6748514	-51.58808143
84.24903156	-51.52321031
86.81073247	-51.40232609
89.35386721	-51.22609508
91.87266597	-50.99541368
94.3617639	-50.7113906
96.81627276	-50.37532538
99.23183479	-49.98868449
101.6046581	-49.5530756
103.931534	-49.07022138
106.2098381	-48.54193329
108.4375159	-47.97008654
110.6130578	-47.35659644
112.7354633	-46.70339694
114.8041994	-46.01242135
116.8191544	-45.28558564
118.7805893	-44.52477424
120.6890898	-43.73182828
122.5455189	-42.90853622
124.3509723	-42.05662651
126.1067364	-41.17776231
127.8142508	-40.27353784
129.4750736	-39.34547618
131.0908519	-38.39502833
132.6632953	-37.42357333
134.1941533	-36.43241913
135.6851963	-35.4228042
137.1381995	-34.39589965
138.5549299	-33.35281165
139.9371356	-32.29458423
141.2865374	-31.2222022
142.6048222	-30.1365942
143.8936381	-29.03863578
145.154591	-27.92915253
146.3892422	-26.8089231
147.599107	-25.67868224
148.7856543	-24.53912365
149.9503066	-23.39090288
151.094441	-22.23463993
152.2193899	-21.07092193
153.3264428	-19.90030557
154.4168481	-18.72331946
155.4918147	-17.54046637
156.5525145	-16.35222538
157.6000845	-15.15905392
158.6356292	-13.96138964
159.6602229	-12.75965232
160.6749123	-11.55424558
161.6807187	-10.34555856
162.6786405	-9.133967514
163.6696562	-7.919837356
164.6547259	-6.70352313
165.6347944	-5.485371436
166.6107937	-4.265721814
167.5836448	-3.04490809
168.5542608	-1.823259689
169.5235487	-0.6011029281
170.4924123	0.6212377034
171.4617541	1.843438282
172.4324781	3.065174182
173.4054918	4.286118814
174.3817089	5.50594234
175.3620514	6.724310384
176.3474524	7.940882712
177.3388582	9.155311881
178.3372306	10.36724186
179.3435497	11.57630657
180.3588164	12.78212846
181.3840544	13.9843169
182.4203131	15.18246662
183.4686698	16.376156
184.5302324	17.56494532
185.6061415	18.74837493
186.6975731	19.92596329
187.8057404	21.0972049
188.9318964	22.26156822
190.0773358	23.41849335
191.2433963	24.56738969
192.4314607	25.70763341
193.6429578	26.8385649
194.879363	27.95948599
196.1421985	29.06965715
197.4330327	30.16829453
198.7534791	31.25456697
200.1051934	32.3275929
201.4898707	33.38643721
202.9092397	34.43010817
204.3650566	35.45755431
205.8590966	36.46766151
207.3931426	37.45925024
208.9689725	38.43107302
210.5883423	39.38181238
212.2529674	40.31007925
213.9644995	41.21441209
215.7245	42.09327683
217.5344093	42.94506785
219.3955127	43.76811024
221.3089017	44.56066356
223.275432	45.32092728
225.295678	46.04704821
227.3698856	46.73713009
229.4979228	47.38924555
231.6792316	48.00145054
233.9127814	48.57180134
236.1970269	49.09837408
238.5298734	49.57928652
240.908651	50.01272196
243.3301018	50.39695464
245.7903813	50.73037609
248.2850773	51.01152164
250.8092464	51.23909619
253.3574698	51.41199829
255.9239261	51.52934149
258.5024811	51.59047205
261.0867906	51.59498218
263.6704113	51.54271818
266.2469171	51.43378307
268.8100146	51.26853356
271.3536517	51.04757158
273.8721175	50.77173081
276.3601269	50.44205882
278.8128891	50.05979576
281.2261576	49.6263504
283.5962617	49.14327473
285.9201197	48.61223784
288.1952367	48.0350001
290.4196871	47.41338837
292.5920864	46.74927274
294.711554	46.0445453
296.7776694	45.3011013
298.7904252	44.52082268
300.7501783	43.70556412
302.6576013	42.85714153
304.5136352	41.97732277
306.3194455	41.06782056
308.0763806	40.13028714
309.7859349	39.16631072
311.4497156	38.17741327
313.0694128	37.16504955
314.6467747	36.1306071
316.1835856	35.07540711
317.6816474	34.00070588
319.1427647	32.9076968
320.5687318	31.79751269
321.961323	30.67122844
323.3222849	29.5298638
324.6533298	28.37438629
325.9561315	27.20571419
327.2323224	26.02471948
328.4834913	24.83223078
329.7111823	23.62903626
330.9168949	22.41588642
332.1020843	21.19349683
333.268162	19.9625507
334.4164977	18.72370146
335.5484207	17.47757509
336.665222	16.22477248
337.7681563	14.96587159
338.8584448	13.70142953
339.9372771	12.43198463
341.005814	11.15805826
342.0651903	9.88015676
343.1165172	8.598773103
344.1608849	7.314388655
345.1993657	6.027474773
346.2330163	4.738494391
347.2628808	3.447903557
348.2899932	2.156152929
349.3153802	0.863689246
350.3400638	-0.4290432244
351.3650643	-1.721601248
352.3914025	-3.013541195
353.4201029	-4.304417608
354.4521962	-5.593781758
355.4887218	-6.881180183
356.5307307	-8.166153207
357.5792884	-9.448233418
358.6354772	-10.72694411
359.7003991	-12.00179767
0.775178542	-13.27229393
1.860964835	-14.53791841
2.958935044	-15.79814055
4.070296392	-17.05241182
5.196288783	-18.30016376
6.338187178	-19.54080591
7.497303832	-20.7737237
8.674990337	-21.99827615
9.872639421	-23.21379357
11.09168644	-24.41957503
12.33361047	-25.61488587
13.59993492	-26.79895499
14.89222754	-27.97097209
16.21209971	-29.13008485
17.5612048	-30.27539602
18.94123554	-31.40596047
20.35392005	-32.52078225
21.80101641	-33.61881165
23.28430551	-34.69894241
24.80558183	-35.76000901
26.36664191	-36.80078425
27.96927022	-37.81997714
29.61522203	-38.81623123
31.30620306	-39.78812356
33.04384554	-40.73416432
34.82968054	-41.65279745
36.66510633	-42.54240234
38.55135281	-43.40129692
40.48944207	-44.22774222
42.48014549	-45.01994877
44.52393795	-45.776085
46.62095	-46.49428783
48.77091939	-47.17267561
50.9731434	-47.80936352
53.22643407	-48.4024814
55.52907869	-48.95019398
57.87880798	-49.45072319
60.2727747	-49.90237228
62.70754543	-50.30355111
65.17910767	-50.652802
67.68289416	-50.94882534
70.21382562	-51.190504
72.76637166	-51.3769255
75.33462911	-51.50740124
77.91241541	-51.5814815
80.49337364	-51.59896594
83.07108523	-51.55990858
85.63918518	-51.46461747
88.19147505	-51.31364868
90.72202865	-51.10779507
93.22528633	-50.84807042
95.69613424	-50.53568951
98.12996659	-50.17204527
100.5227294	-49.75868371
102.870946	-49.29727785
105.1717255	-48.78960144
107.4227548	-48.23750327
109.6222788	-47.64288283
111.7690685	-47.00766781
113.8623823	-46.33379379
115.901921	-45.62318639
117.887781	-44.87774584
119.8204048	-44.09933422
121.7005341	-43.28976492
123.529163	-42.45079448
125.3074953	-41.58411634
127.0369046	-40.69135648
128.7188984	-39.77407061
130.3550865	-38.83374266
131.9471525	-37.87178443
133.4968299	-36.88953615
135.0058817	-35.88826781
136.4760823	-34.86918097
137.9092039	-33.83341112
139.3070042	-32.78203034
140.6712174	-31.71605011
142.0035463	-30.63642435
143.3056573	-29.54405248
144.5791759	-28.43978255
145.8256838	-27.32441428
147.0467175	-26.1987021
148.243767	-25.06335813
149.418276	-23.91905502
150.5716423	-22.76642867
151.7052184	-21.60608095
152.8203133	-20.43858214
153.9181938	-19.2644734
155.0000867	-18.08426906
156.0671806	-16.89845877
157.120628	-15.7075096
158.1615481	-14.51186801
159.1910287	-13.31196174
160.2101288	-12.10820157
161.2198809	-10.90098307
162.2212937	-9.690688183
163.2153545	-8.477686828
164.2030314	-7.262338379
165.185276	-6.044993124
166.1630258	-4.825993664
167.1372066	-3.605676271
168.1087347	-2.384372222
169.0785198	-1.162409098
170.0474666	0.05988793182
171.0164781	1.282194842
171.9864573	2.504187482
172.9583097	3.725540317
173.9329459	4.945925152
174.9112839	6.165009845
175.8942515	7.382457003
176.8827883	8.597922647
177.8778491	9.811054842
178.8804051	11.02149229
179.8914475	12.22886286
180.9119893	13.43278209
181.9430677	14.63285162
182.985747	15.82865749
184.0411208	17.01976851
185.1103146	18.20573434
186.1944878	19.3860837
187.2948363	20.56032231
188.4125948	21.7279308
189.5490385	22.88836251
190.7054855	24.04104117
191.8832977	25.18535846
193.0838829	26.32067145
194.308695	27.44629993
195.559235	28.56152362
196.8370504	29.6655793
198.1437342	30.75765781
199.4809234	31.83690098
200.8502957	32.90239855
202.2535652	33.95318503
203.6924767	34.98823663
205.1687979	36.00646818
206.68431	37.00673035
208.240795	37.98780696
209.8400216	38.94841273
211.4837265	39.8871914
213.1735938	40.80271458
214.9112302	41.6934812
216.6981356	42.55791806
218.5356713	43.39438145
220.4250227	44.20116021
222.3671593	44.97648034
224.3627902	45.7185115
226.412318	46.42537561
228.5157902	47.09515767
230.6728498	47.72591909
232.8826884	48.31571349
235.1440012	48.86260508
237.454949	49.36468944
239.8131276	49.82011656
242.2155488	50.22711554
244.6586355	50.58402066
247.1382315	50.88929792
249.6496305	51.14157124
252.1876229	51.33964751
254.7465607	51.4825392
257.3204406	51.56948398
259.9030002	51.59996003
262.4878266	51.5736966
265.0684707	51.49067918
267.6385637	51.35114909
270.191929	51.15559743
272.7226876	50.90475387
275.2253493	50.59957064
277.694889	50.24120273
280.1268057	49.83098498
282.5171618	49.37040726
284.8626052	48.86108851
287.1603735	48.30475071
289.4082832	47.70319354
291.6047063	47.05827028
293.7485366	46.37186571
295.8391486	45.64587605
297.8763521	44.88219147
299.8603435	44.08268093
301.7916569	43.24917958
303.6711163	42.3834785
305.49979	41.48731661
307.2789479	40.56237457
309.0100221	39.61027042
310.6945722	38.6325568
312.334254	37.63071945
313.9307922	36.60617676
315.4859574	35.56028027
317.0015455	34.49431589
318.4793619	33.40950566
319.9212072	32.30700989
321.328866	31.18792977
322.7040987	30.05331
324.048634	28.90414175
325.3641639	27.74136552
326.6523402	26.56587419
327.9147719	25.37851594
329.1530239	24.18009715
330.368616	22.97138529
331.5630237	21.75311162
332.7376784	20.5259739
333.8939689	19.29063893
335.0332428	18.047745
336.1568083	16.79790424
337.2659367	15.54170487
338.3618641	14.27971333
339.4457943	13.01247631
340.518901	11.74052275
341.5823306	10.46436567
342.6372048	9.184503948
343.6846232	7.901424089
344.7256658	6.615601839
345.7613963	5.327503808
346.7928641	4.037589014
347.8211075	2.746310405
348.8471563	1.454116336
349.8720343	0.1614520287
350.8967621	-1.131238988
351.9223601	-2.423513447
352.9498508	-3.71492691
353.9802615	-5.005032333
355.0146274	-6.293378615
356.053994	-7.579509123
357.0994195	-8.86296019
358.1519784	-10.14325958
359.2127632	-11.41992489
0.2828877122	-12.69246194
1.363489549	-13.96036303
2.455732722	-15.22310524
3.560810279	-16.48014851
4.67994682	-17.7309338
5.814400923	-18.97488101
6.965467453	-20.21138693
8.134479696	-21.43982298
9.32281128	-22.65953296
10.53187781	-23.86983062
11.76313817	-25.0699971
13.01809534	-26.25927839
14.29829672	-27.43688253
15.60533376	-28.60197686
16.94084075	-29.75368515
18.30649269	-30.89108463
19.70400193	-32.01320304
21.13511349	-33.11901575
22.60159866	-34.20744283
24.10524681	-35.2773463
25.64785496	-36.32752761
27.23121484	-37.35672531
28.85709721	-38.36361323
30.52723301	-39.34679909
32.24329111	-40.30482382
34.00685235	-41.2361617
35.81937976	-42.13922158
37.68218474	-43.01234922
39.59638945	-43.85383121
41.56288537	-44.6619005
43.58228876	-45.43474384
45.65489369	-46.17051133
47.78062362	-46.8673283
49.95898318	-47.52330955
52.18901184	-48.13657608
54.46924167	-48.70527426
56.79766164	-49.22759716
59.17169121	-49.70180796
61.58816571	-50.12626473
64.04333617	-50.49944616
66.53288561	-50.81997731
69.05196325	-51.08665477
71.59523711	-51.29846988
74.15696464	-51.45462952
76.73107947	-51.55457305
79.31129162	-51.59798501
81.89119723	-51.58480264
84.4643932	-51.51521805
87.02459187	-51.38967471
89.56573052	-51.20885864
92.08207144	-50.97368453
94.56828831	-50.68527762
97.01953656	-50.34495204
99.43150556	-49.95418667
101.8004525	-49.5145994
104.1232184	-49.02792083
106.3972273	-48.49596824
108.6204721	-47.92062057
110.791487	-47.30379499
112.9093124	-46.6474256
114.9734522	-45.95344439
116.9838272	-45.22376475
118.9407274	-44.46026744
120.8447629	-43.66478912
122.6968176	-42.83911304
124.4980042	-41.98496202
126.2496227	-41.10399323
127.9531235	-40.19779465
129.6100729	-39.26788306
131.2221237	-38.31570315
132.7909891	-37.34262771
134.3184207	-36.34995858
135.8061895	-35.33892828
137.2560702	-34.3107022
138.6698281	-33.26638102
140.0492091	-32.20700353
141.3959311	-31.13354957
142.7116777	-30.04694309
143.9980933	-28.94805521
145.2567798	-27.83770737
146.4892946	-26.71667432
147.697149	-25.58568716
148.8818078	-24.44543623
150.0446895	-23.29657389
151.1871673	-22.13971725
152.3105698	-20.97545072
153.4161829	-19.80432848
154.5052515	-18.62687685
155.5789812	-17.44359649
156.6385409	-16.25496454
157.6850647	-15.06143666
158.7196544	-13.86344892
159.7433819	-12.66141962
160.7572914	-11.45575109
161.7624024	-10.2468313
162.7597116	-9.035035474
163.7501955	-7.820727634
164.734813	-6.604262042
165.7145078	-5.385984644
166.6902106	-4.166234438
167.6628419	-2.945344824
168.633314	-1.723644914
169.6025337	-0.5014608213
170.5714045	0.7208830594
171.540829	1.943062791
172.5117113	3.164753626
173.4849594	4.385628743
174.4614877	5.605357963
175.442219	6.823606456
176.4280874	8.040033418
177.4200404	9.254290721
178.4190413	10.46602152
179.4260721	11.67485883
180.4421352	12.880424
181.4682566	14.08232523
182.505488	15.2801559
183.5549092	16.4734929
184.6176308	17.66189488
185.6947964	18.84490038
186.787585	20.02202586
187.8972133	21.1927637
189.0249378	22.35657999
190.1720567	23.51291228
191.3399117	24.66116722
192.5298896	25.800718
193.7434232	26.9309018
194.9819918	28.05101699
196.247122	29.16032035
197.540386	30.25802406
198.8634013	31.34329274
200.2178274	32.41524032
201.6053625	33.47292691
203.0277383	34.51535574
204.4867132	35.54147002
205.9840639	36.55015008
207.5215738	37.54021056
209.1010198	38.51039797
210.724156	39.45938866
212.3926938	40.38578724
214.1082787	41.28812579
215.8724636	42.16486389
217.6866779	43.01438965
219.5521926	43.83502218
221.4700815	44.62501537
223.4411789	45.38256356
225.4660339	46.10580911
227.544863	46.79285223
229.6775005	47.44176307
231.8633507	48.05059645
234.1013415	48.61740906
236.3898825	49.14027913
238.7268315	49.6173285
241.1094691	50.04674662
243.5344874	50.42681609
245.9979926	50.75593907
248.4955254	51.03266374
251.0220989	51.25571004
253.5722564	51.4239935
256.1401451	51.53664637
258.719608	51.59303497
261.3042863	51.59277256
263.8877324	51.53572698
266.4635257	51.42202286
269.0253872	51.25203808
271.5672889	51.02639486
274.0835512	50.74594593
276.5689275	50.41175628
279.01867	50.02508156
281.4285791	49.58734408
283.7950329	49.10010713
286.1149991	48.56504897
288.3860314	47.98393704
290.6062509	47.35860319
292.7743173	46.69092066
294.8893906	45.982783
296.9510873	45.23608543
298.9594329	44.45270855
300.9148133	43.63450463
302.8179258	42.78328628
304.6697326	41.90081737
306.4714165	40.98880604
308.2243403	40.04889963
309.9300094	39.08268114
311.5900396	38.09166721
313.2061274	37.07730718
314.7800251	36.04098323
316.3135197	34.98401125
317.8084141	33.90764237
319.2665128	32.81306498
320.6896093	31.7014071
322.0794761	30.57373902
323.4378573	29.43107615
324.7664623	28.27438189
326.0669619	27.10457061
327.340985	25.92251067
328.5901168	24.72902727
329.815898	23.52490541
331.0198244	22.31089264
332.2033474	21.08770177
333.3678753	19.85601352
334.5147744	18.61647895
335.6453707	17.36972193
336.7609522	16.11634138
337.8627708	14.85691349
338.9520448	13.59199376
340.0299615	12.32211905
341.0976796	11.04780946
342.1563315	9.769570133
343.2070268	8.487893059
344.2508541	7.203258715
345.2888842	5.916137708
346.3221728	4.626992351
347.351763	3.336278192
348.378688	2.04444551
349.4039741	0.7519407836
350.4286431	-0.5407918613
351.453715	-1.833309217
352.4802111	-3.125167565
353.5091562	-4.415921239
354.5415815	-5.705121185
355.5785273	-6.992313499
356.6210459	-8.277037936
357.6702037	-9.558826391
358.7270848	-10.83720134
359.7927929	-12.11167421
0.868454256	-13.38174373
1.955220495	-14.64689421
3.054271012	-15.90659369
4.166815616	-17.16029209
5.29409699	-18.40741925
6.437393062	-19.64738282
7.598019221	-20.87956619
8.777330345	-22.10332612
9.976722573	-23.31799046
11.19763476	-24.52285567
12.44154956	-25.7171842
13.70999393	-26.90020188
15.00453916	-28.0710951
16.32680003	-29.22900799
17.67843311	-30.37303953
19.06113402	-31.50224058
20.47663338	-32.61561092
21.92669119	-33.71209637
23.41308954	-34.79058598
24.93762321	-35.84990933
26.50208794	-36.88883413
28.10826605	-37.90606419
29.75790904	-38.90023775
31.45271698	-39.86992649
33.19431424	-40.8136353
34.98422152	-41.72980293
36.82382385	-42.61680379
38.71433474	-43.4729512
40.65675641	-44.29650205
42.65183665	-45.0856634
44.7000228	-45.83860102
46.80141389	-46.5534502
48.95571213	-47.22832886
51.16217545	-47.86135318
53.41957311	-48.45065562
55.72614672	-48.99440535
58.07957924	-49.49083067
60.4769746	-49.93824329
62.9148507	-50.33506366
65.38914791	-50.67984686
67.8952549	-50.97130808
70.4280529	-51.2083469
72.98197813	-51.39006927
75.55110146	-51.51580633
78.12922289	-51.58512914
80.70997739	-51.59785863
83.28694788	-51.55407026
85.85378055	-51.45409311
88.40429724	-51.29850345
90.9326004	-51.08811313
93.43316611	-50.82395328
95.90092204	-50.50725421
98.3313081	-50.13942225
100.7203187	-49.72201463
103.0645267	-49.25671336
105.3610905	-48.74529896
107.6077449	-48.18962487
109.8027803	-47.5915933
111.94501	-46.95313284
114.033731	-46.27617841
116.0686791	-45.56265357
118.0499809	-44.81445538
119.9781056	-44.03344177
121.8538171	-43.22142127
123.6781285	-42.38014494
125.4522586	-41.51130038
127.1775931	-40.61650744
128.8556489	-39.69731554
130.4880424	-38.7552023
132.0764619	-37.79157324
133.6226437	-36.8077624
135.1283518	-35.80503374
136.5953609	-34.78458299
138.0254418	-33.74754007
139.4203503	-32.69497167
140.7818179	-31.6278842
142.1115444	-30.54722676
143.4111926	-29.45389422
144.6823841	-28.34873034
145.9266968	-27.23253082
147.145663	-26.10604637
148.3407689	-24.96998558
149.513454	-23.82501784
150.665112	-22.67177604
151.7970918	-21.51085923
152.9106986	-20.34283511
154.0071957	-19.16824245
155.0878065	-17.98759337
156.1537164	-16.80137551
157.2060751	-15.6100541
158.2459989	-14.41407393
159.2745729	-13.21386121
160.2928539	-12.00982536
161.3018723	-10.80236071
162.3026349	-9.591848122
163.296127	-8.378656555
164.2833156	-7.163144551
165.2651507	-5.945661685
166.2425688	-4.726549966
167.2164948	-3.506145189
168.1878445	-2.284778268
169.1575267	-1.062776527
170.1264463	0.1595350071
171.095506	1.381832345
172.0656088	2.603791263
173.0376608	3.825086046
174.0125731	5.045388206
174.9912643	6.2643652
175.9746631	7.481679118
176.9637106	8.696985349
177.9593625	9.909931207
178.962592	11.12015452
179.9743918	12.32728215
180.9957769	13.53092851
182.0277869	14.73069395
183.0714884	15.92616312
184.1279777	17.11690322
185.198383	18.30246221
186.2838669	19.48236691
187.3856285	20.65612094
188.5049059	21.8232027
189.642978	22.98306306
190.8011665	24.13512309
191.9808374	25.2787716
193.1834023	26.41336254
194.4103194	27.53821238
195.6630936	28.65259724
196.9432766	29.75575007
198.2524654	30.84685758
199.5923007	31.92505725
200.9644638	32.98943417
202.3706718	34.03901792
203.812672	35.07277951
205.2922342	36.08962833
206.8111403	37.08840935
208.3711723	38.06790045
209.9740972	39.02681024
211.6216488	39.9637762
213.315506	40.87736357
215.0572682	41.76606491
216.8484254	42.62830071
218.6903262	43.46242112
220.5841398	44.26670914
222.5308161	45.03938538
224.5310408	45.77861471
226.5851889	46.48251508
228.6932761	47.1491685
230.8549097	47.7766346
233.0692412	48.36296668
235.3349225	48.90623024
237.6500678	49.40452404
240.0122241	49.85600322
242.4183536	50.25890424
244.8648289	50.61157096
247.3474459	50.91248123
249.8614528	51.16027303
252.4015992	51.35376935
254.9622029	51.49200064
257.5372332	51.57422405
260.1204097	51.59993841
262.7053103	51.56889435
265.2854868	51.481099
267.8545808	51.33681511
270.4064358	51.13655456
272.9352005	50.88106665
275.4354203	50.57132182
277.9021112	50.20849149
280.3308175	49.79392495
282.7176499	49.32912439
285.0593054	48.81571893
287.3530708	48.25543854
289.5968104	47.65008883
291.7889414	47.00152707
293.9284	46.31164024
296.0145996	45.58232519
298.0473847	44.81547131
300.0269823	44.01294562
301.9539533	43.17658037
303.8291445	42.30816292
305.6536434	41.40942787
307.4287352	40.4820511
309.1558648	39.52764558
310.8366014	38.54775866
312.4726082	37.54387068
314.065615	36.51739463
315.6173955	35.46967673
317.1297477	34.40199764
318.6044772	33.31557431
320.043384	32.21156218
321.4482515	31.09105773
322.8208378	29.9551012
324.1628688	28.80467953
325.4760338	27.64072923
326.761981	26.46413942
328.0223161	25.27575476
329.2586003	24.07637836
330.4723498	22.86677462
331.6650366	21.64767198
332.8380885	20.41976557
333.9928908	19.18371976
335.1307879	17.94017062
336.253085	16.68972825
337.3610501	15.432979
338.4559169	14.17048762
339.5388865	12.9027993
340.6111302	11.63044158
341.6737923	10.35392627
342.7279926	9.073751177
343.7748289	7.790401852
344.8153799	6.504353237
345.8507078	5.21607126
346.8818611	3.926014386
347.9098774	2.634635127
348.9357856	1.342381524
349.9606094	0.049698603
350.9853692	-1.242970189
352.0110854	-2.535181546
353.0387808	-3.82649088
354.0694834	-5.116450875
355.104229	-6.40461004
356.144064	-7.690511232
357.190048	-8.973690151
358.2432566	-10.2536738
359.3047843	-11.52997888
0.3757465495	-12.80211018
1.457283084	-14.06955885
2.550560195	-15.33180062
3.656773425	-16.58829398
4.777150063	-17.83847826
5.91295157	-19.08177156
7.065475869	-20.31756868
8.236059466	-21.5452389
9.426079342	-22.76412366
10.63695457	-23.97353414
11.87014757	-25.17274876
13.1271649	-26.36101048
14.40955751	-27.53752418
15.71892031	-28.70145375
17.05689091	-29.85191928
18.42514735	-30.9879941
19.82540467	-32.10870182
21.25941007	-33.21301342
22.72893643	-34.29984437
24.23577383	-35.36805189
25.78171903	-36.41643242
27.36856225	-37.44371938
28.99807127	-38.44858131
30.67197226	-39.4296206
32.3919273	-40.38537284
34.15950802	-41.31430707
35.97616559	-42.21482701
37.8431965	-43.08527367
39.76170466	-43.92392925
41.73255969	-44.7290229
43.75635216	-45.49873832
45.83334644	-46.23122349
47.96343228	-46.92460272
50.14607669	-47.57699116
52.38027787	-48.18651165
54.66452344	-48.75131413
56.9967555	-49.26959715
59.37434501	-49.73963139
61.7940784	-50.15978452
64.25215871	-50.52854698
66.74422329	-50.84455775
69.26537958	-51.10662923
71.81025926	-51.31377047
74.37309027	-51.46520751
76.94778479	-51.56040005
79.52804038	-51.59905375
82.10745026	-51.58112727
84.67961811	-51.50683397
87.23827246	-51.37663795
89.77737553	-51.19124483
92.29122223	-50.95158743
94.77452531	-50.65880739
97.22248415	-50.31423322
99.63083547	-49.91935604
101.9958856	-49.47580373
104.3145252	-48.98531468
106.5842269	-48.44971178
108.8030303	-47.87087754
110.9695135	-47.25073086
113.0827572	-46.59120584
115.1423018	-45.89423305
117.1481008	-45.16172318
119.1004723	-44.39555327
121.0000508	-43.59755542
122.8477405	-42.76950767
124.6446708	-41.91312715
126.3921553	-41.03006499
128.0916549	-40.12190297
129.7447437	-39.19015157
131.3530801	-38.23624914
132.9183808	-37.26156226
134.4423995	-36.26738664
135.9269075	-35.25494892
137.3736787	-34.22540874
138.7844772	-33.17986134
140.1610463	-32.1193403
141.505101	-31.04482051
142.8183214	-29.95722124
144.1023484	-28.85740923
145.3587801	-27.74620175
146.5891696	-26.62436971
147.7950243	-25.49264058
148.9778049	-24.35170133
150.138926	-23.2022012
151.2797568	-22.04475438
152.4016222	-20.87994261
153.5058046	-19.70831757
154.5935451	-18.53040332
155.6660465	-17.3466984
156.7244742	-16.15767805
157.7699598	-14.96379615
158.8036022	-13.7654872
159.8264709	-12.56316807
160.839608	-11.35723979
161.8440308	-10.14808917
162.8407342	-8.936090439
163.8306932	-7.721606705
164.8148653	-6.504991473
165.794193	-5.286590042
166.769606	-4.066740883
167.742024	-2.845776979
168.7123587	-1.624027137
169.6815167	-0.4018172778
170.6504011	0.82052829
171.6199148	2.042685606
172.5909619	3.264329791
173.5644511	4.485133781
174.5412971	5.704767047
175.5224239	6.922894294
176.5087665	8.13917414
177.5012736	9.353257761
178.5009102	10.56478749
179.5086597	11.7733954
180.5255267	12.97870178
181.5525391	14.1803136
182.5907509	15.37782289
183.6412446	16.57080505
184.7051335	17.75881707
185.7835641	18.94139567
186.8777186	20.11805532
187.988817	21.28828622
189.1181194	22.45155209
190.2669277	23.60728793
191.4365874	24.75489759
192.6284892	25.89375128
193.84407	27.02318294
195.0848134	28.14248748
196.3522497	29.25091794
197.6479556	30.34768253
198.9735521	31.4319416
200.3307025	32.50280456
201.7211083	33.55932674
203.146504	34.60050628
204.6086504	35.62528106
206.1093252	36.63252583
207.6503124	37.62104938
209.2333881	38.58959221
210.860304	39.53682445
212.5327672	40.46134438
214.2524171	41.36167772
216.020798	42.23627767
217.8393277	43.08352613
219.7092629	43.9017362
221.6316592	44.68915616
223.6073293	45.44397525
225.6367968	46.16433149
227.7202481	46.84832158
229.8574836	47.49401335
232.0478696	48.09946059
234.290292	48.6627205
236.5831154	49.18187361
238.9241495	49.65504599
241.3106255	50.08043344
243.7391855	50.45632709
246.2058863	50.78113993
248.7062218	51.05343321
251.2351623	51.27194206
253.7872132	51.43559915
256.3564915	51.54355557
258.9368173	51.59519783
261.5218189	51.59016027
264.1050447	51.52833235
266.6800803	51.40986026
269.2406623	51.23514302
271.7807872	51.00482307
274.2948076	50.71977205
276.7775155	50.38107221
279.2242069	49.98999461
281.6307292	49.54797484
283.9935094	49.05658737
286.3095645	48.51751945
288.5764968	47.93254536
290.7924741	47.30350184
292.9561996	46.63226511
295.066874	45.92073004
297.1241504	45.1707917
299.1280868	44.38432926
301.0790977	43.56319248
302.977905	42.70919062
304.8254915	41.82408347
306.6230574	40.9095746
308.3719791	39.96730639
310.0737733	38.99885663
311.730064	38.00573659
313.3425536	36.98939022
314.9129989	35.95119431
316.4431889	34.89245948
317.9349279	33.81443168
319.3900201	32.71829434
320.8102578	31.60517067
322.1974119	30.47612641
323.5532238	29.33217262
324.8794003	28.17426859
326.1776089	27.00332484
327.449475	25.82020609
328.6965803	24.62573416
329.9204619	23.42069088
331.1226119	22.20582087
332.3044783	20.98183423
333.4674658	19.74940914
334.6129374	18.50919438
335.7422159	17.26181167
336.8565862	16.00785802
337.9572975	14.74790781
339.0455653	13.48251498
340.1225745	12.21221493
341.1894815	10.93752647
342.2474168	9.658953615
343.2974881	8.376987334
344.3407824	7.092107239
345.3783692	5.804783199
346.4113031	4.515476915
347.4406261	3.224643443
348.4673709	1.932732696
349.4925632	0.6401908989
350.5172246	-0.6525379551
351.5423752	-1.945010676
352.5690363	-3.236783446
353.5982332	-4.527410382
354.6309977	-5.816442098
355.6683711	-7.103424234
356.7114066	-8.387895968
357.7611722	-9.669388494
358.8187532	-10.94742345
359.8852553	-12.22151131
0.9618065565	-13.4911497
2.049560892	-14.75582166
3.149700068	-16.01499385
4.263436492	-17.26811463
5.392015645	-18.51461211
6.536718433	-19.75389206
7.698863392	-20.98533578
8.879808695	-22.20829779
10.0809539	-23.42210347
11.30374137	-24.62604661
12.54965732	-25.81938679
13.82023228	-27.00134674
15.11704105	-28.17110951
16.44170179	-29.32781569
17.79587427	-30.47056044
19.18125696	-31.5983906
20.59958292	-32.71030169
22.05261402	-33.80523502
23.54213349	-34.88207492
25.06993632	-35.93964606
26.63781734	-36.97671109
28.24755658	-37.99196857
29.90090165	-38.98405143
31.59954676	-39.95152602
33.34510826	-40.89289192
35.13909621	-41.80658269
36.98288219	-42.69096782
38.87766301	-43.54435603
40.82442073	-44.36500013
42.82387921	-45.15110378
44.87645796	-45.90083017
46.98222414	-46.61231304
49.1408441	-47.28367002
51.35153613	-47.91301841
53.61302644	-48.49849344
55.92351079	-49.03826884
58.28062424	-49.53057949
60.6814219	-49.97374572
63.12237308	-50.36619876
65.59937122	-50.7065066
68.10776128	-50.99339942
70.64238546	-51.22579364
73.19764719	-51.40281375
75.76759207	-51.52381073
78.34600343	-51.58837645
80.92650889	-51.59635319
83.50269376	-51.54783778
86.06821613	-51.44318028
88.6169189	-51.28297706
91.14293376	-51.06805881
93.64077305	-50.79947391
96.10540636	-50.47846797
98.53231957	-50.10646055
100.9175556	-49.68501993
103.2577369	-49.21583691
105.5500709	-48.70069857
107.7923404	-48.14146287
109.9828808	-47.54003455
112.1205475	-46.89834297
114.2046759	-46.21832227
116.235036	-45.50189385
118.2117846	-44.75095152
120.1354172	-43.96734899
122.0067198	-43.15288985
123.8267237	-42.30931968
125.5966628	-41.43832019
127.3179346	-40.54150509
128.9920649	-39.62041754
130.6206769	-38.67652881
132.2054631	-37.71123815
133.7481627	-36.72587344
135.2505406	-35.72169263
136.7143714	-34.69988565
138.1414247	-33.66157683
139.5334543	-32.60782754
140.892189	-31.53963911
142.2193254	-30.45795586
143.5165226	-29.36366812
144.7853987	-28.25761541
146.0275274	-27.14058943
147.2444371	-26.01333715
148.4376097	-24.87656371
149.608481	-23.73093523
150.7584406	-22.57708161
151.8888336	-21.41559911
153.0009614	-20.24705285
154.096084	-19.07197924
155.1754213	-17.89088821
156.2401556	-16.70426541
157.2914335	-15.51257423
158.3303687	-14.3162578
159.3580438	-13.11574083
160.3755131	-11.91143139
161.3838051	-10.70372258
162.3839244	-9.49299419
163.376855	-8.27961423
164.3635619	-7.063940422
165.3449942	-5.84632164
166.3220873	-4.627099311
167.2957651	-3.406608764
168.2669428	-2.185180555
169.2365287	-0.9631417673
170.2054275	0.259182709
171.1745418	1.481468909
172.1447748	2.70339253
173.117033	3.924627661
174.0922278	5.144845516
175.0712789	6.363713139
176.0551158	7.580892094
177.0446806	8.796037127
178.0409308	10.00879479
179.0448408	11.21880202
180.0574053	12.42568468
181.0796413	13.62905602
182.1125906	14.82851512
183.1573222	16.02364517
184.2149352	17.21401181
185.2865604	18.39916126
186.3733637	19.57861841
187.4765474	20.7518848
188.597353	21.91843654
189.737063	23.07772204
190.897003	24.22915969
192.0785428	25.37213539
193.2830982	26.50599998
194.5121313	27.63006656
195.7671512	28.74360766
197.0497136	29.84585233
198.3614195	30.93598319
199.7039134	32.01313329
201.07888	33.07638306
202.4880395	34.12475713
203.9331418	35.1572213
205.4159584	36.17267948
206.938272	37.1699709
208.5018645	38.14786752
210.1085011	39.1050718
211.7599123	40.04021496
213.457772	40.95185586
215.2036718	41.83848068
216.9990919	42.69850361
218.8453675	43.53026869
220.7436517	44.33205309
222.6948743	45.10207208
224.6996972	45.83848581
226.7584676	46.5394083
228.8711689	47.2029187
231.0373724	47.82707497
233.2561892	48.40993018
235.5262276	48.94955131
237.8455549	49.44404042
240.2116694	49.89155802
242.6214831	50.2903481
245.0713191	50.63876431
247.5569247	50.93529652
250.0735035	51.17859697
252.6157648	51.36750492
255.1779923	51.50106894
257.7541291	51.57856579
260.337877	51.59951504
262.922806	51.56368873
265.5024695	51.47111568
268.0705202	51.32208001
270.6208222	51.11711429
273.1475532	50.8569874
275.6452943	50.54268783
278.1091033	50.17540328
280.53457	49.75649732
282.9178534	49.2874843
285.2556999	48.77000331
287.5454453	48.20579215
289.7850015	47.59666219
291.972831	46.94447453
294.107912	46.25111821
296.1896962	45.51849059
298.2180626	44.74848017
300.1932686	43.94295195
302.1159017	43.10373516
303.9868309	42.23261342
305.8071625	41.33131695
307.5781972	40.40151684
309.3013921	39.44482093
310.9783259	38.46277127
312.6106687	37.45684281
314.2001556	36.42844314
315.7485634	35.37891315
317.2576915	34.30952827
318.7293461	33.22150038
320.1653264	32.11598004
321.5674144	30.99405906
322.9373658	29.85677323
324.2769041	28.70510528
325.5877152	27.53998774
326.8714443	26.362306
328.1296935	25.17290122
329.3640202	23.97257324
330.5759372	22.76208343
331.7669128	21.54215739
332.9383714	20.31348767
334.0916948	19.07673623
335.2282242	17.83253692
336.3492615	16.58149783
337.456072	15.32420345
338.5498865	14.06121687
339.6319035	12.79308175
340.7032922	11.52032429
341.7651946	10.24345508
342.8187286	8.962970846
343.8649903	7.679356228
344.905057	6.393085363
345.9399896	5.104623509
346.9708357	3.814428582
347.9986319	2.522952673
349.0244068	1.230643515
350.0491835	-0.06205405298
351.0739824	-1.354696654
352.0998239	-2.646840939
353.1277313	-3.938042155
354.1587329	-5.227852709
355.1938654	-6.51582071
356.2341762	-7.801488495
357.2807261	-9.084391121
358.3345922	-10.36405482
359.3968704	-11.63999539
0.4686782787	-12.91171658
1.551157575	-14.17870835
2.645476882	-15.44044511
3.752834247	-16.69638388
4.87445967	-17.94596232
6.011617505	-19.18859672
7.165608749	-20.42367991
8.337773135	-21.65057899
9.529491011	-22.86863303
10.74218492	-24.07715064
11.97732082	-25.27540744
13.23640885	-26.46264344
14.5210035	-27.63806025
15.83270313	-28.80081834
17.17314864	-29.95003411
18.54402109	-31.08477694
19.94703817	-32.2040663
21.38394924	-33.30686878
22.85652864	-34.39209522
24.36656714	-35.45859803
25.91586111	-36.50516864
27.50619916	-37.53053529
29.13934594	-38.53336127
30.81702271	-39.51224361
32.54088452	-40.46571258
34.31249364	-41.39223196
36.13328909	-42.29020043
38.00455221	-43.15795422
39.92736835	-43.99377121
41.90258498	-44.79587682
43.93076664	-45.56245175
46.01214766	-46.29164194
48.14658377	-46.98157084
50.33350405	-47.630354
52.57186515	-48.23611628
54.86011004	-48.79701134
57.19613375	-49.31124337
59.57725871	-49.77709071
62.00022251	-50.19293082
64.46118031	-50.55726609
66.9557241	-50.86874953
69.47891996	-51.12620957
72.02536377	-51.32867304
74.5892546	-51.47538527
77.16448392	-51.5658264
79.74473761	-51.5997232
82.32360679	-51.57705576
84.89470273	-51.49805865
87.45177089	-51.36321654
89.98879913	-51.17325449
92.50011556	-50.92912335
94.98047243	-50.63198095
97.42511341	-50.28317004
99.82982277	-49.88419376
102.1909561	-49.43668982
104.5054534	-48.94240418
106.7708361	-48.40316518
108.98519	-47.82085874
111.147137	-47.1974053
113.2557977	-46.53473889
115.3107488	-45.83478852
117.3119758	-45.09946209
119.2598248	-44.33063285
121.1549543	-43.53012826
122.9982884	-42.69972112
124.7909731	-41.84112284
126.5343354	-40.95597851
128.2298461	-40.04586368
129.8790871	-39.11228251
131.4837222	-38.15666706
133.0454717	-37.18037767
134.5660908	-36.18470398
136.0473513	-35.17086672
137.4910264	-34.14001985
138.8988785	-33.09325316
140.2726484	-32.03159505
141.6140481	-30.95601548
142.9247546	-29.86742908
144.2064047	-28.7666982
145.4605928	-27.65463602
146.6888681	-26.53200958
147.8927338	-25.39954278
149.0736465	-24.25791922
150.233017	-23.10778504
151.3722104	-21.94975155
152.4925481	-20.78439781
153.5953086	-19.61227305
154.6817299	-18.43389903
155.7530112	-17.24977225
156.8103152	-16.06036603
157.8547704	-14.86613252
158.8874732	-13.66750462
159.9094906	-12.4648978
160.9218626	-11.25871179
161.9256043	-10.04933229
162.921709	-8.837132493
163.91115	-7.622474645
164.8948835	-6.405711493
165.8738507	-5.187187698
166.8489804	-3.967241213
167.8211916	-2.746204615
168.7913956	-1.524406418
169.7604982	-0.3021723562
170.7294028	0.9201733363
171.699012	2.142306666
172.6702306	3.363902613
173.6439673	4.584633862
174.6211377	5.804169522
175.6026667	7.022173825
176.5894903	8.2383048
177.5825585	9.452212914
178.5828378	10.66353968
179.5913133	11.8719162
180.6089915	13.07696168
181.6369025	14.27828188
182.6761026	15.47546746
183.7276769	16.66809231
184.7927414	17.85571174
185.8724455	19.03786063
186.9679748	20.21405146
188.0805525	21.38377223
189.2114422	22.54648428
190.3619496	23.70162003
191.5334241	24.84858052
192.7272604	25.98673295
193.9448993	27.11540801
195.1878286	28.2338971
196.4575828	29.34144953
197.7557424	30.43726949
199.0839325	31.52051306
200.4438199	32.59028511
201.8371094	33.64563614
203.2655382	34.68555919
204.7308693	35.7089868
206.2348818	36.71478807
207.7793599	37.70176598
209.3660786	38.66865495
210.9967873	39.6141189
212.6731887	40.53674979
214.3969159	41.43506693
216.1695042	42.30751718
217.9923597	43.15247623
219.8667243	43.96825119
221.7936355	44.75308477
223.7738839	45.50516118
225.8079669	46.22261411
227.8960408	46.90353691
230.0378719	47.54599512
232.2327878	48.14804166
234.4796322	48.70773438
236.7767243	49.22315626
239.1218258	49.69243777
241.5121183	50.11378123
243.9441936	50.48548653
246.4140597	50.80597766
248.9171637	51.07382912
251.4484333	51.28779142
254.0023369	51.44681454
256.5729614	51.55006855
259.1541054	51.59696022
261.7393844	51.58714508
264.3223442	51.5205342
266.8965771	51.39729534
269.4558363	51.2178486
271.9941432	50.98285656
274.5058835	50.69320963
276.9858882	50.35000722
279.4294974	49.95453559
281.8326057	49.50824347
284.1916892	49.01271632
286.5038144	48.46965019
288.7666318	47.88082605
290.9783556	47.24808534
293.1377327	46.57330712
295.2440039	45.85838747
297.2968585	45.10522115
299.2963869	44.31568583
301.2430318	43.49162869
303.1375392	42.63485553
304.9809125	41.74712206
306.7743686	40.83012721
308.5192978	39.88550836
310.2172273	38.91483808
311.8697894	37.91962227
313.4786924	36.90129949
315.0456968	35.86124115
316.5725943	34.80075256
318.0611898	33.72107457
319.5132874	32.6233856
320.9306783	31.50880411
322.3151313	30.37839128
323.6683856	29.23315385
324.9921448	28.07404702
326.2880733	26.90197748
327.5577932	25.71780632
328.8028825	24.522352
330.0248747	23.31639321
331.2252583	22.10067165
332.4054777	20.87589471
333.5669342	19.64273809
334.7109874	18.40184824
335.838957	17.15384481
336.9521248	15.89932286
338.0517371	14.63885502
339.1390069	13.37299365
340.2151167	12.10227272
341.2812204	10.82720976
342.3384468	9.548307644
343.3879016	8.266056359
344.4306704	6.980934655
345.4678212	5.693411671
346.5004076	4.403948504
347.5294706	3.112999733
348.5560423	1.821014906
349.581148	0.5284400101
350.6058089	-0.764281088
351.6310453	-2.056705206
352.6578785	-3.348388418
353.6873344	-4.638884618
354.7204454	-5.927744073
355.7582537	-7.214511961
356.8018136	-8.498726874
357.8521944	-9.779919293
358.9104831	-11.05761002
359.9777869	-12.33130854
1.055236073	-13.60051137
2.143986671	-14.8647003
3.245222872	-16.12334056
4.360159699	-17.37587895
5.490045445	-18.62174185
6.636164006	-19.86033313
7.799837079	-21.09103198
8.982426141	-22.31319065
10.18533417	-23.52613206
11.41000706	-24.72914731
12.65793457	-25.92149307
13.93065081	-27.10238897
15.22973406	-28.27101471
16.55680588	-29.4265073
17.91352917	-30.5679581
19.30160526	-31.69440987
20.72276958	-32.80485385
22.17878581	-33.89822685
23.67143826	-34.97340846
25.20252203	-36.02921843
26.77383095	-37.06441431
28.38714263	-38.07768943
30.04420062	-39.06767141
31.74669312	-40.03292125
33.49622821	-40.97193323
35.29430514	-41.88313576
37.14228174	-42.76489343
39.04133786	-43.61551039
40.99243508	-44.43323545
42.99627305	-45.2162689
45.05324308	-45.96277144
47.16338014	-46.67087537
49.3263144	-47.33869812
51.54122423	-47.96435826
53.80679254	-48.54599393
56.12116904	-49.0817836
58.48194081	-49.56996887
60.8861141	-50.00887887
63.33010974	-50.39695581
65.80977449	-50.73278075
68.32040993	-51.01509899
70.85681973	-51.24284399
73.41337512	-51.41515884
75.98409713	-51.5314145
78.56275319	-51.59122368
81.1429644	-51.59445
83.71831922	-51.54121167
86.28248848	-51.43187962
88.82933681	-51.26707028
91.35302578	-51.04763302
93.84810454	-50.77463329
96.30958494	-50.44933186
98.7329991	-50.07316133
101.1144386	-49.64770082
103.4505753	-49.17464971
105.738666	-48.65580153
107.9765407	-48.09301852
110.16258	-47.48820783
112.295681	-46.84329944
114.3752171	-46.16022658
116.4009921	-45.44090842
118.373193	-44.68723539
120.2923407	-43.90105694
122.1592432	-43.08417169
123.9749498	-42.23831968
125.7407091	-41.36517671
127.4579302	-40.46635034
129.1281477	-39.54337743
130.7529912	-38.59772295
132.3341575	-37.63077989
133.8733882	-36.64386997
135.3724493	-35.63824513
136.833115	-34.61508953
138.2571539	-33.57552194
139.6463174	-32.52059844
141.0023317	-31.4513153
142.3268902	-30.36861207
143.6216484	-29.27337459
144.8882206	-28.16643812
146.1281765	-27.04859044
147.3430405	-25.92057477
148.5342904	-24.7830928
149.7033579	-23.63680745
150.8516289	-22.48234562
151.9804445	-21.3203008
153.0911026	-20.15123556
154.1848594	-18.97568396
155.2629317	-17.79415376
156.3264986	-16.60712861
157.3767039	-15.41507012
158.4146583	-14.21841975
159.441442	-13.01760073
160.4581071	-11.81301976
161.4656798	-10.60506877
162.465163	-9.39412647
163.4575388	-8.180559931
164.443771	-6.964726065
165.4248073	-5.746973058
166.4015819	-4.527641764
167.3750181	-3.307067055
168.3460302	-2.085579143
169.3155264	-0.8635048772
170.2844108	0.3588309789
171.2535862	1.581104477
172.2239559	2.80299122
173.1964267	4.024165099
174.1719107	5.244297016
175.1513283	6.463053591
176.13561	7.680095854
177.1256992	8.895077897
178.1225545	10.1076455
179.1271523	11.3174347
180.1404888	12.52407034
181.1635832	13.72716451
182.1974795	14.92631498
183.2432492	16.12110351
184.3019939	17.31109414
185.3748476	18.49583132
186.4629789	19.67483801
187.5675937	20.84761367
188.6899368	22.01363209
189.8312945	23.1723392
190.9929959	24.32315069
192.1764151	25.46544954
193.3829716	26.59858345
194.6141317	27.72186213
195.8714087	28.83455448
197.1563623	29.93588568
198.4705976	31.02503417
199.8157626	32.10112859
201.1935455	33.16324467
202.6056696	34.21040208
204.0538873	35.24156137
205.5399717	36.25562094
207.0657064	37.25141429
208.6328727	38.22770742
210.2432344	39.18319662
211.8985183	40.11650683
213.6003929	41.02619053
215.3504422	41.91072754
217.1501359	42.76852575
219.0007961	43.59792308
220.9035591	44.39719094
222.8593344	45.16453927
224.8687598	45.89812358
226.9321542	46.59605405
229.0494686	47.25640702
231.2202375	47.87723891
233.4435318	48.45660272
235.7179156	48.99256701
238.0414092	49.48323735
240.4114618	49.92677978
242.8249354	50.321446
245.2781034	50.66559964
247.7666652	50.95774282
250.2857796	51.19654219
252.8301162	51.38085347
255.3939253	51.50974349
257.9711243	51.58250873
260.5553983	51.59868959
263.1403099	51.5580796
265.7194147	51.4607292
268.286378	51.30694392
270.8350848	51.09727692
273.3597425	50.83251655
275.8549685	50.51366922
278.3158626	50.14193876
280.7380607	49.71870286
283.1177702	49.24548783
285.4517869	48.72394255
287.7374956	48.1558125
289.9728556	47.54291461
292.1563743	46.88711369
294.2870718	46.19030068
296.3644379	45.4543733
298.3883857	44.6812191
300.3592028	43.87270093
302.2775023	43.03064496
304.1441759	42.15683099
305.960348	41.25298483
307.7273346	40.32077272
309.4466046	39.36179737
311.1197462	38.37759551
312.7484365	37.36963669
314.334415	36.33932312
315.8794618	35.28799032
317.3853779	34.21690855
318.8539695	33.1272846
320.2870353	32.02026418
321.6863554	30.89693444
323.0536837	29.75832676
324.3907406	28.60541963
325.6992091	27.43914166
326.980731	26.26037452
328.2369047	25.06995588
329.4692843	23.86868233
330.679379	22.65731223
331.8686532	21.43656838
333.0385279	20.20714073
334.1903817	18.96968885
335.3255522	17.72484441
336.4453386	16.47321347
337.551003	15.21537871
338.6437734	13.95190154
339.7248461	12.68332413
340.7953876	11.41017133
341.8565381	10.13295252
342.9094134	8.852163391
343.955108	7.568287649
344.9946978	6.281798646
346.0292425	4.993160978
347.0597885	3.702832025
348.0873719	2.411263462
349.1130204	1.118902727
350.1377571	-0.1738055217
351.1626022	-1.466417967
352.1885762	-2.758491206
353.2167026	-4.049580316
354.2480105	-5.339237413
355.2835372	-6.6270102
356.3243312	-7.912440485
357.3714544	-9.195062669
358.4259855	-10.4744022
359.4890221	-11.74997397
0.5616835229	-13.02128067
1.64511366	-14.28781108
2.740483434	-15.54903825
3.848993417	-16.80441772
4.971876329	-18.05338549
6.110399437	-19.29535602
7.26586682	-20.52972013
8.439621451	-21.75584274
9.633047052	-22.97306054
10.84756964	-24.18067955
12.08465873	-25.3779726
13.34582802	-26.56417667
14.63263553	-27.73849014
15.94668308	-28.90007002
17.28961482	-30.04802898
18.6631148	-31.18143248
20.06890334	-32.2992958
21.50873188	-33.40058112
22.98437619	-34.48419465
24.49762762	-35.54898396
26.05028207	-36.59373545
27.64412642	-37.61717221
29.28092202	-38.61795223
30.96238508	-39.59466722
32.69016344	-40.5458421
34.46580978	-41.46993543
36.29075073	-42.36534086
38.16625219	-43.23038987
40.09338069	-44.06335609
42.07296121	-44.86246123
44.10553194	-45.62588309
46.19129686	-46.35176568
48.33007734	-47.03823164
50.52126421	-47.68339709
52.76377231	-48.28538904
55.05599976	-48.84236501
57.39579436	-49.352535
59.78042996	-49.81418518
62.20659534	-50.225703
64.67039797	-50.58560295
67.16738478	-50.89255224
69.69258092	-51.14539549
72.240547	-51.34317745
74.80545387	-51.48516282
77.38117304	-51.57085224
79.96137951	-51.59999366
82.5396631	-51.57258857
85.10964349	-51.4888927
87.66508382	-51.34941119
90.19999825	-51.15488847
92.70874865	-50.90629323
95.18612723	-50.60479936
97.62742227	-50.25176362
100.0284657	-49.84870102
102.3856625	-49.39725888
104.6960021	-48.89919057
106.9570543	-48.35632969
109.166951	-47.7705654
111.3243575	-47.14381957
113.4284342	-46.47802599
115.4787935	-45.77511199
117.4754528	-45.03698263
119.4187857	-44.26550728
121.3094742	-43.46250871
123.1484624	-42.62975442
124.9369124	-41.76895007
126.676164	-40.8817347
128.3676982	-39.96967763
130.0131044	-39.03427669
131.6140515	-38.07695766
133.172263	-37.09907466
134.6894959	-36.10191126
136.1675222	-35.0866823
137.6081144	-34.0545361
139.013033	-33.006557
140.3840164	-31.94376825
141.7227736	-30.86713492
143.0309781	-29.77756701
144.3102631	-28.67592251
145.5622191	-27.56301053
146.7883911	-26.43959427
147.9902784	-25.30639406
149.1693335	-24.16409018
150.3269633	-23.01332567
151.464529	-21.85470899
152.5833481	-20.68881652
153.6846957	-19.51619508
154.7698064	-18.33736417
155.8398761	-17.15281821
156.8960645	-15.96302863
157.9394972	-14.76844588
158.9712681	-13.56950128
159.9924418	-12.36660889
161.0040559	-11.16016719
162.0071237	-9.950560727
163.0026367	-8.738161715
163.9915665	-7.523331529
164.9748681	-6.30642217
165.9534814	-5.087777677
166.9283345	-3.867735491
167.9003455	-2.646627794
168.8704251	-1.424782815
169.8394789	-0.2025261148
170.8084101	1.01981814
171.7781214	2.241925912
172.7495178	3.463472031
173.7235086	4.684128921
174.7010102	5.90356532
175.682948	7.121444975
176.6702594	8.337425316
177.6638957	9.551156092
178.6648248	10.76227797
179.6740335	11.9704211
180.6925304	13.17520359
181.7213476	14.37622995
182.7615438	15.57308947
183.8142067	16.76535452
184.880455	17.95257871