dhgf
0 45
273.8496201 44.89527505
277.6700799 44.66240289
281.4387802 44.30482241
285.1351658 43.82778058
288.7413794 43.2380775
292.2426779 42.54375788
295.6276084 41.75377743
298.8879645 40.87767075
302.018572 39.92524238
305.016955 38.90629589
307.8829359 37.83040933
310.6182144 36.70675954
313.225959 35.54399358
315.710434 34.35014241
318.0766731 33.13257069
320.3302068 31.8979561
322.47684 30.65229154
324.5224782 29.40090444
326.4729942 28.14848825
328.3341308 26.89914186
330.1114318 25.65641383
331.8101956 24.4233487
333.4354475 23.20253378
334.9919247 21.99614477
336.4840719 20.80598951
337.9160442 19.63354913
339.2917148 18.48001623
340.6146866 17.34633001
341.8883059 16.23320823
343.115677 15.14117615
344.2996776 14.07059246
345.4429745 13.02167247
346.5480381 11.99450877
347.6171574 10.98908943
348.6524536 10.0053141
349.6558931 9.043008156
350.6292996 8.10193504
351.5743655 7.181807085
352.4926626 6.282294886
353.3856513 5.403035451
354.2546896 4.543639237
355.1010419 3.703696223
355.9258855 2.88278112
356.7303184 2.080457836
357.5153649 1.296283277
358.2819819 0.5298105853
359.0310637 -0.2194081331
359.7634473 -0.9518195098
0.4799163462 -1.667866995
1.181205446 -2.367989263
1.868003828 -3.052618906
2.540958671 -3.722181367
3.200678224 -4.377094082
3.847734645 -5.017765811
4.482666608 -5.644596111
5.105981689 -6.257974954
5.718158563 -6.85828245
6.319649024 -7.445888665
6.910879834 -8.02115353
7.492254437 -8.584426801
8.064154526 -9.136048094
8.626941498 -9.676346956
9.180957788 -10.20564298
9.726528104 -10.72424595
10.26396057 -11.23245602
10.79354778 -11.73056389
11.31556777 -12.21885104
11.83028494 -12.69758993
12.33795086 -13.16704425
12.83880508 -13.62746914
13.33307584 -14.07911145
13.82098075 -14.52220997
14.30272737 -14.95699568
14.77851387 -15.383692
15.2485295 -15.80251502
15.71295513 -16.21367375
16.1719637 -16.61737035
16.62572068 -17.01380035
17.07438448 -17.40315291
17.51810679 -17.78561098
17.95703302 -18.16135159
18.39130253 -18.530546
18.82104905 -18.89335991
19.24640091 -19.24995368
19.66748131 -19.60048252
20.08440864 -19.94509665
20.49729667 -20.2839415
20.90625477 -20.61715785
21.31138818 -20.94488206
21.71279818 -21.26724615
22.11058227 -21.58437803
22.50483436 -21.89640158
22.89564496 -22.20343686
23.28310131 -22.50560018
23.66728754 -22.80300431
24.04828481 -23.09575853
24.42617147 -23.38396882
24.80102314 -23.66773792
25.17291289 -23.9471655
25.54191127 -24.22234822
25.90808652 -24.49337988
26.27150459 -24.76035149
26.63222927 -25.02335137
26.99032228 -25.28246526
27.34584337 -25.5377764
27.69885036 -25.78936562
28.04939928 -26.03731142
28.39754437 -26.28169005
28.74333823 -26.52257559
29.08683183 -26.76004003
29.42807459 -26.99415332
29.76711445 -27.22498347
30.10399793 -27.45259658
30.43877016 -27.67705695
30.77147496 -27.89842708
31.10215488 -28.11676779
31.43085125 -28.33213823
31.75760421 -28.54459596
32.08245278 -28.754197
32.4054349 -28.96099587
32.72658743 -29.16504564
33.04594624 -29.36639799
33.3635462 -29.56510324
33.67942128 -29.7612104
33.99360449 -29.9547672
34.30612799 -30.14582017
34.6170231 -30.33441461
34.92632031 -30.5205947
35.23404931 -30.70440349
35.54023905 -30.88588293
35.84491774 -31.06507395
36.14811286 -31.24201644
36.44985121 -31.41674932
36.75015894 -31.58931053
37.04906152 -31.75973711
37.34658382 -31.92806519
37.64275012 -32.09433001
37.93758408 -32.25856598
38.23110883 -32.42080668
38.52334692 -32.58108491
38.81432039 -32.73943266
39.10405076 -32.89588121
39.39255905 -33.05046107
39.6798658 -33.20320207
39.96599107 -33.35413333
40.25095448 -33.50328331
40.5347752 -33.65067982
40.81747197 -33.79635003
41.09906313 -33.94032051
41.3795666 -34.08261721
41.65899992 -34.22326552
41.93738023 -34.36229025
42.21472433 -34.49971567
42.49104864 -34.63556551
42.76636924 -34.76986298
43.04070186 -34.90263078
43.31406193 -35.03389113
43.58646451 -35.16366576
43.85792441 -35.29197593
44.12845608 -35.41884246
44.39807371 -35.54428571
44.6667912 -35.66832563
44.93462216 -35.79098172
45.20157993 -35.9122731
45.4676776 -36.03221847
45.73292799 -36.15083616
45.99734367 -36.26814411
46.26093697 -36.3841599
46.52371998 -36.49890074
46.78570455 -36.61238349
47.04690233 -36.72462468
47.30732473 -36.8356405
47.56698295 -36.9454468
47.82588797 -37.05405914
48.0840506 -37.16149276
48.3414814 -37.26776258
48.59819079 -37.37288326
48.85418897 -37.47686914
49.10948596 -37.5797343
49.3640916 -37.68149253
49.61801557 -37.78215737
49.87126735 -37.88174209
50.12385628 -37.9802597
50.37579152 -38.07772297
50.62708208 -38.17414442
50.87773682 -38.26953634
51.12776442 -38.36391077
51.37717345 -38.45727955
51.62597231 -38.54965429
51.87416927 -38.64104635
52.12177245 -38.73146693
52.36878985 -38.82092699
52.61522932 -38.90943729
52.8610986 -38.99700841
53.10640529 -39.08365072
53.35115687 -39.16937439
53.59536071 -39.25418944
53.83902404 -39.33810568
54.08215401 -39.42113275
54.32475761 -39.50328011
54.56684177 -39.58455707
54.80841327 -39.66497275
55.04947881 -39.74453613
55.29004497 -39.82325601
55.53011825 -39.90114104
55.76970503 -39.97819973
56.00881161 -40.05444043
56.24744419 -40.12987135
56.48560886 -40.20450053
56.72331165 -40.27833591
56.96055847 -40.35138527
57.19735518 -40.42365625
57.43370752 -40.49515637
57.66962115 -40.56589302
57.90510168 -40.63587346
58.14015461 -40.70510483
58.37478537 -40.77359413
58.60899932 -40.84134826
58.84280172 -40.908374
59.07619779 -40.97467801
59.30919266 -41.04026685
59.54179139 -41.10514694
59.77399898 -41.16932461
60.00582034 -41.2328061
60.23726035 -41.29559753
60.46832378 -41.3577049
60.69901537 -41.41913414
60.92933978 -41.47989106
61.15930163 -41.53998139
61.38890545 -41.59941076
61.61815573 -41.65818468
61.8470569 -41.71630862
62.07561333 -41.77378792
62.30382934 -41.83062784
62.53170918 -41.88683356
62.75925706 -41.94241017
62.98647714 -41.99736268
63.21337351 -42.05169602
63.43995025 -42.10541503
63.66621133 -42.15852448
63.89216073 -42.21102906
64.11780234 -42.26293337
64.34314003 -42.31424196
64.56817761 -42.36495928
64.79291885 -42.41508974
65.01736747 -42.46463763
65.24152716 -42.51360722
65.46540155 -42.56200268
65.68899425 -42.60982813
65.9123088 -42.6570876
66.13534873 -42.70378508
66.3581175 -42.74992447
66.58061857 -42.79550964
66.80285532 -42.84054436
67.02483112 -42.88503236
67.2465493 -42.92897731
67.46801314 -42.97238281
67.68922591 -43.01525241
67.91019082 -43.0575896
68.13091106 -43.09939781
68.35138977 -43.14068041
68.57163009 -43.18144073
68.79163511 -43.22168203
69.01140786 -43.26140752
69.23095139 -43.30062037
69.45026869 -43.33932368
69.66936273 -43.37752051
69.88823643 -43.41521386
70.10689272 -43.4524067
70.32533446 -43.48910192
70.54356452 -43.5253024
70.76158571 -43.56101093
70.97940084 -43.59623028
71.19701267 -43.63096318
71.41442397 -43.66521229
71.63163743 -43.69898024
71.84865578 -43.73226962
72.06548167 -43.76508296
72.28211776 -43.79742276
72.49856667 -43.82929147
72.71483101 -43.86069151
72.93091335 -43.89162524
73.14681627 -43.922095
73.36254228 -43.95210307
73.57809392 -43.98165169
73.79347367 -44.01074308
74.00868401 -44.03937941
74.2237274 -44.06756281
74.43860628 -44.09529537
74.65332305 -44.12257915
74.86788012 -44.14941616
75.08227987 -44.17580839
75.29652465 -44.20175778
75.51061682 -44.22726625
75.7245587 -44.25233566
75.93835259 -44.27696786
76.1520008 -44.30116465
76.3655056 -44.32492781
76.57886925 -44.34825906
76.79209399 -44.37116011
77.00518205 -44.39363264
77.21813566 -44.41567827
77.43095701 -44.43729861
77.64364828 -44.45849525
77.85621166 -44.4792697
78.06864929 -44.4996235
78.28096332 -44.51955811
78.49315589 -44.53907498
78.70522912 -44.55817553
78.9171851 -44.57686114
79.12902594 -44.59513318
79.34075372 -44.61299296
79.55237051 -44.63044179
79.76387836 -44.64748093
79.97527934 -44.66411163
80.18657546 -44.68033509
80.39776877 -44.69615249
80.60886129 -44.711565
80.819855 -44.72657373
81.03075192 -44.74117978
81.24155403 -44.75538423
81.45226332 -44.76918812
81.66288174 -44.78259246
81.87341126 -44.79559824
82.08385384 -44.80820643
82.29421141 -44.82041796
82.50448591 -44.83223374
82.71467928 -44.84365466
82.92479343 -44.85468156
83.13483028 -44.8653153
83.34479172 -44.87555665
83.55467968 -44.88540642
83.76449602 -44.89486536
83.97424266 -44.90393418
84.18392145 -44.91261361
84.39353429 -44.92090431
84.60308303 -44.92880695
84.81256955 -44.93632215
85.0219957 -44.94345051
85.23136334 -44.95019263
85.44067431 -44.95654905
85.64993047 -44.9625203
85.85913364 -44.9681069
86.06828567 -44.97330933
86.27738839 -44.97812805
86.48644363 -44.9825635
86.69545322 -44.98661608
86.90441897 -44.99028619
87.1133427 -44.99357418
87.32222624 -44.99648041
87.5310714 -44.99900519
87.73987998 -45.00114881
87.9486538 -45.00291154
88.15739466 -45.00429364
88.36610437 -45.00529531
88.57478474 -45.00591678
88.78343757 -45.0061582
88.99206465 -45.00601975
89.2006678 -45.00550154
89.40924881 -45.00460368
89.61780947 -45.00332626
89.8263516 -45.00166935
90.03487698 -44.99963297
90.24338742 -44.99721714
90.45188472 -44.99442187
90.66037068 -44.9912471
90.8688471 -44.9876928
91.07731579 -44.98375887
91.28577853 -44.97944523
91.49423715 -44.97475175
91.70269344 -44.96967827
91.91114922 -44.96422464
92.11960629 -44.95839065
92.32806647 -44.95217608
92.53653157 -44.94558071
92.74500341 -44.93860426
92.9534838 -44.93124645
93.16197458 -44.92350696
93.37047757 -44.91538546
93.57899459 -44.9068816
93.78752749 -44.89799499
93.99607809 -44.88872522
94.20464825 -44.87907187
94.4132398 -44.86903448
94.6218546 -44.85861257
94.8304945 -44.84780565
95.03916137 -44.83661318
95.24785706 -44.82503462
95.45658345 -44.8130694
95.66534242 -44.8007169
95.87413585 -44.78797651
96.08296562 -44.77484759
96.29183363 -44.76132944
96.50074178 -44.74742139
96.70969199 -44.7331227
96.91868616 -44.71843262
97.12772621 -44.70335038
97.33681409 -44.68787518
97.54595172 -44.67200619
97.75514105 -44.65574256
97.96438403 -44.63908342
98.17368263 -44.62202785
98.38303881 -44.60457493
98.59245457 -44.58672369
98.80193187 -44.56847316
99.01147273 -44.54982232
99.22107915 -44.53077014
99.43075315 -44.51131554
99.64049676 -44.49145744
99.85031201 -44.47119471
100.060201 -44.4505262
100.2701657 -44.42945073
100.4802082 -44.4079671
100.6903306 -44.38607407
100.9005351 -44.36377038
101.1108236 -44.34105473
101.3211984 -44.31792579
101.5316615 -44.29438223
101.7422152 -44.27042264
101.9528615 -44.24604562
102.1636026 -44.22124972
102.3744408 -44.19603347
102.5853782 -44.17039536
102.796417 -44.14433385
103.0075595 -44.11784737
103.2188079 -44.09093432
103.4301644 -44.06359305
103.6416314 -44.03582191
103.8532112 -44.00761919
104.0649059 -43.97898315
104.276718 -43.94991203
104.4886498 -43.92040402
104.7007037 -43.89045728
104.912882 -43.86006994
105.1251872 -43.82924009
105.3376215 -43.79796578
105.5501876 -43.76624502
105.7628877 -43.73407581
105.9757245 -43.70145608
106.1887003 -43.66838374
106.4018177 -43.63485665
106.6150793 -43.60087265
106.8284875 -43.56642952
107.0420449 -43.53152502
107.2557542 -43.49615685
107.469618 -43.46032268
107.6836388 -43.42402014
107.8978194 -43.38724681
108.1121624 -43.35000024
108.3266706 -43.31227792
108.5413467 -43.27407732
108.7561935 -43.23539584
108.9712137 -43.19623086
109.1864101 -43.15657969
109.4017856 -43.11643962
109.6173431 -43.07580786
109.8330854 -43.03468161
110.0490155 -42.993058
110.2651363 -42.95093411
110.4814508 -42.90830698
110.6979619 -42.86517359
110.9146729 -42.82153089
111.1315866 -42.77737575
111.3487062 -42.73270501
111.5660349 -42.68751545
111.7835758 -42.64180378
112.0013321 -42.59556668
112.219307 -42.54880077
112.4375037 -42.50150259
112.6559257 -42.45366865
112.8745762 -42.40529539
113.0934586 -42.3563792
113.3125763 -42.30691639
113.5319328 -42.25690323
113.7515315 -42.20633591
113.9713759 -42.15521058
114.1914697 -42.1035233
114.4118164 -42.05127008
114.6324197 -41.99844686
114.8532832 -41.94504951
115.0744107 -41.89107383
115.2958059 -41.83651557
115.5174727 -41.78137039
115.739415 -41.72563387
115.9616366 -41.66930154
116.1841415 -41.61236884
116.4069337 -41.55483113
116.6300172 -41.49668372
116.8533963 -41.4379218
117.0770749 -41.37854052
117.3010573 -41.31853492
117.5253478 -41.25789997
117.7499507 -41.19663055
117.9748704 -41.13472147
118.2001112 -41.07216744
118.4256777 -41.00896307
118.6515743 -40.94510289
118.8778058 -40.88058135
119.1043767 -40.81539279
119.3312918 -40.74953146
119.5585558 -40.6829915
119.7861736 -40.61576698
120.01415 -40.54785184
120.2424902 -40.47923992
120.4711991 -40.40992498
120.7002819 -40.33990064
120.9297436 -40.26916043
121.1595897 -40.19769776
121.3898254 -40.12550594
121.6204561 -40.05257814
121.8514873 -39.97890744
122.0829246 -39.90448678
122.3147737 -39.82930898
122.5470401 -39.75336673
122.7797299 -39.67665261
123.0128488 -39.59915906
123.2464028 -39.52087837
123.480398 -39.44180273
123.7148406 -39.36192414
123.9497368 -39.28123452
124.185093 -39.19972559
124.4209156 -39.11738896
124.6572111 -39.03421607
124.8939863 -38.9501982
125.1312478 -38.8653265
125.3690025 -38.77959193
125.6072574 -38.69298531
125.8460196 -38.60549727
126.0852962 -38.51711828
126.3250945 -38.42783863
126.565422 -38.33764845
126.8062862 -38.24653766
127.0476947 -38.15449601
127.2896554 -38.06151304
127.5321762 -37.96757813
127.7752651 -37.87268042
128.0189303 -37.77680887
128.2631802 -37.67995222
128.5080231 -37.58209901
128.7534678 -37.48323754
128.9995229 -37.3833559
129.2461975 -37.28244196
129.4935005 -37.18048332
129.7414411 -37.07746739
129.9900289 -36.97338128
130.2392733 -36.8682119
130.489184 -36.76194587
130.739771 -36.65456955
130.9910444 -36.54606904
131.2430143 -36.43643015
131.4956914 -36.32563842
131.7490862 -36.2136791
132.0032096 -36.10053713
132.2580726 -35.98619714
132.5136865 -35.87064348
132.7700627 -35.75386014
133.0272131 -35.63583081
133.2851494 -35.51653883
133.543884 -35.39596719
133.803429 -35.27409854
134.0637973 -35.15091516
134.3250016 -35.02639896
134.5870551 -34.90053145
134.8499713 -34.77329378
135.1137638 -34.64466667
135.3784465 -34.51463044
135.6440338 -34.38316497
135.9105401 -34.25024973
136.1779804 -34.11586372
136.4463697 -33.9799855
136.7157236 -33.84259312
136.9860578 -33.7036642
137.2573885 -33.56317583
137.5297322 -33.42110457
137.8031058 -33.2774265
138.0775265 -33.13211713
138.3530119 -32.98515141
138.6295799 -32.83650373
138.907249 -32.68614789
139.1860381 -32.53405709
139.4659663 -32.3802039
139.7470533 -32.22456026
140.0293193 -32.06709743
140.312785 -31.90778602
140.5974713 -31.74659593
140.8833999 -31.58349634
141.1705929 -31.41845569
141.459073 -31.25144166
141.7488634 -31.08242115
142.0399877 -30.91136026
142.3324704 -30.73822425
142.6263364 -30.5629775
142.9216113 -30.38558355
143.2183214 -30.20600499
143.5164934 -30.0242035
143.8161549 -29.84013978
144.1173344 -29.65377353
144.4200607 -29.46506342
144.7243638 -29.27396706
145.0302741 -29.08044096
145.3378232 -28.88444051
145.6470431 -28.68591993
145.9579672 -28.48483222
146.2706294 -28.28112915
146.5850647 -28.0747612
146.9013091 -27.86567752
147.2193996 -27.65382591
147.5393742 -27.43915272
147.8612721 -27.22160286
148.1851335 -27.00111971
148.5109998 -26.77764512
148.8389138 -26.55111928
149.1689193 -26.32148075
149.5010617 -26.08866632
149.8353877 -25.85261103
150.1719451 -25.61324804
150.5107837 -25.37050863
150.8519546 -25.12432205
151.1955105 -24.87461556
151.5415058 -24.62131425
151.8899966 -24.36434104
152.2410411 -24.10361656
152.594699 -23.83905909
152.9510323 -23.57058448
153.310105 -23.29810603
153.6719832 -23.02153445
154.0367353 -22.7407777
154.404432 -22.45574097
154.7751468 -22.16632651
155.1489553 -21.87243355
155.5259363 -21.5739582
155.9061709 -21.2707933
156.2897438 -20.96282836
156.6767422 -20.64994938
157.0672571 -20.33203873
157.4613825 -20.00897505
157.8592163 -19.68063308
158.2608601 -19.34688352
158.6664193 -19.00759289
159.0760038 -18.66262337
159.4897275 -18.31183264
159.9077093 -17.95507372
160.3300726 -17.59219476
160.7569463 -17.22303894
161.1884644 -16.84744421
161.6247668 -16.46524313
162.0659992 -16.0762627
162.5123138 -15.68032411
162.9638696 -15.27724258
163.4208325 -14.86682709
163.8833759 -14.44888025
164.3516814 -14.02319799
164.8259386 -13.5895694
165.3063465 -13.14777645
165.7931133 -12.6975938
166.2864571 -12.23878856
166.7866071 -11.77112002
167.2938034 -11.29433946
167.8082985 -10.80818991
168.3303576 -10.31240591
168.8602596 -9.806713284
169.3982981 -9.290828964
169.9447821 -8.764460762
170.5000374 -8.227307203
171.0644076 -7.67905736
171.6382552 -7.11939072
172.2219631 -6.547977084
172.815936 -5.9644765
173.4206022 -5.368539249
174.0364148 -4.759805882
174.6638541 -4.137907327
175.3034293 -3.502465076
175.9556807 -2.853091459
176.6211824 -2.189390039
177.3005445 -1.510956124
177.9944164 -0.8173774414
178.7034893 -0.1082349791
179.4285002 0.6168959621
180.1702354 1.358444482
180.9295342 2.116842517
181.7072938 2.89252296
182.5044741 3.685917406
183.3221024 4.497453487
184.1612801 5.327551703
185.0231881 6.176621709
185.9090943 7.045057954
186.8203608 7.933234589
187.7584523 8.841499543
188.724945 9.770167645
189.7215359 10.71951267
190.7500539 11.68975819
191.8124708 12.68106698
192.9109132 13.69352897
194.0476763 14.72714742
195.2252367 15.78182315
196.4462679 16.8573367
197.7136547 17.95332811
199.0305088 19.06927414
200.4001842 20.2044628
201.8262921 21.35796486
203.3127143 22.52860236
204.8636147 23.71491397
206.4834473 24.91511712
208.176959 26.12706729
209.9491847 27.34821451
211.8054332 28.5755578
213.7512584 29.80559846
215.7924134 31.03429343
217.9347811 32.25701059
220.1842769 33.46848856
222.5467154 34.6628041
225.0276358 35.83335132
227.63208 36.97283759
230.364319 38.07330206
233.227527 39.12616336
236.2234074 40.12230315
239.3517849 41.05219191
242.6101836 41.90606194
245.9934275 42.67412948
249.4933071 43.34686381
253.0983644 43.91529521
256.793851 44.3713471
260.5619038 44.70817083
264.3819627 44.92045669
268.2314247 45.00469244
272.0864921 44.95934281
275.9231411 44.78493031
279.7181124 44.48400818
283.4498253 44.06102861
287.0991269 43.52212115
290.6498194 42.87480504
294.0889441 42.12766345
297.4068332 41.29000764
300.5969668 40.37155522
303.6556868 39.38214049
306.5818208 38.3314682
309.3762656 37.22891564
312.0415698 36.08338315
314.581542 34.90318924
317.000903 33.69600487
319.3049878 32.46882021
321.499501 31.22793718
323.5903212 29.9789817
325.5833506 28.72693024
327.4844016 27.47614609
329.2991158 26.23042174
331.0329082 24.99302456
332.6909312 23.76674355
334.2780546 22.55393564
335.7988566 21.3565704
337.2576236 20.17627238
338.6583563 19.0143607
340.0047792 17.87188557
341.3003539 16.74966167
342.5482932 15.64829846
343.7515764 14.56822744
344.9129644 13.50972657
346.0350154 12.47294203
347.1200994 11.4579075
348.1704126 10.46456124
349.1879904 9.492761023
350.1747201 8.542297308
351.1323527 7.612904725
352.0625138 6.704272071
352.9667134 5.816051004
353.8463553 4.947863562
354.7027455 4.099308657
355.5371002 3.269967663
356.3505528 2.459409201
357.1441605 1.667193239
357.9189102 0.8928745656
358.6757243 0.1360057453
359.4154652 -0.6038603971
0.1389405203 -1.327168692
0.8469066789 -2.034359891
1.540073225 -2.725869231
2.219106123 -3.402125268
2.884631026 -4.063548923
3.537236233 -4.710552737
4.177475395 -5.343540274
4.805870002 -5.962905685
5.422911665 -6.569033377
6.029064211 -7.162297796
6.624765612 -7.743063292
7.210429756 -8.311684057
7.786448081 -8.868504132
8.353191082 -9.413857455
8.911009692 -9.948067964
9.460236568 -10.47144972
10.00118727 -10.98430709
10.53416136 -11.48693489
11.05944342 -11.97961863
11.57730394 -12.46263472
12.08800028 -12.93625066
12.59177738 -13.40072534
13.08886855 -13.85630922
13.57949618 -14.30324462
14.06387235 -14.74176594
14.54219945 -15.1720999
15.01467073 -15.59446579
15.48147084 -16.00907572
15.94277629 -16.41613484
16.3987559 -16.81584159
16.84957125 -17.20838791
17.29537708 -17.59395946
17.7363216 -17.97273588
18.1725469 -18.34489093
18.60418926 -18.71059276
19.03137943 -19.07000408
19.45424292 -19.42328233
19.8729003 -19.77057992
20.2874674 -20.11204438
20.69805558 -20.44781854
21.10477196 -20.77804068
21.50771959 -21.10284473
21.90699767 -21.4223604
22.30270174 -21.73671333
22.69492385 -22.04602525
23.08375269 -22.35041413
23.46927381 -22.64999428
23.85156972 -22.94487652
24.23072002 -23.23516827
24.60680157 -23.52097368
24.97988859 -23.80239379
25.35005277 -24.07952657
25.7173634 -24.35246707
26.08188745 -24.62130752
26.4436897 -24.88613743
26.80283279 -25.14704367
27.15937738 -25.40411058
27.51338215 -25.65742004
27.86490394 -25.90705157
28.2139978 -26.15308243
28.56071707 -26.39558763
28.90511346 -26.63464008
29.24723709 -26.87031064
29.58713657 -27.10266816
29.92485907 -27.33177959
30.26045034 -27.55771
30.59395479 -27.7805227
30.92541555 -28.00027923
31.25487451 -28.2170395
31.58237233 -28.43086174
31.90794856 -28.64180267
32.23164162 -28.84991745
32.55348885 -29.0552598
32.87352658 -29.25788201
33.19179013 -29.45783499
33.50831387 -29.65516834
33.82313125 -29.84993034
34.13627483 -30.04216805
34.4477763 -30.23192731
34.75766652 -30.4192528
35.06597555 -30.60418806
35.37273267 -30.78677552
35.67796644 -30.96705657
35.98170465 -31.14507155
36.28397442 -31.32085981
36.5848022 -31.49445971
36.88421376 -31.66590871
37.18223426 -31.83524331
37.47888822 -32.00249916
37.77419961 -32.16771103
38.06819178 -32.33091288
38.36088755 -32.49213783
38.65230919 -32.65141824
38.94247846 -32.8087857
39.23141661 -32.96427106
39.5191444 -33.11790445
39.80568209 -33.26971529
40.09104953 -33.41973234
40.37526607 -33.5679837
40.65835066 -33.71449683
40.94032181 -33.85929854
41.22119764 -34.00241506
41.50099586 -34.14387204
41.7797338 -34.28369454
42.0574284 -34.42190706
42.33409627 -34.55853357
42.60975363 -34.69359752
42.88441638 -34.82712182
43.15810008 -34.95912891
43.43081996 -35.08964074
43.70259095 -35.21867876
43.97342766 -35.346264
44.2433444 -35.47241701
44.5123552 -35.59715793
44.7804738 -35.72050646
45.04771368 -35.84248187
45.31408803 -35.96310307
45.57960979 -36.08238854
45.84429164 -36.20035639
46.10814604 -36.31702436
46.37118518 -36.43240983
46.63342102 -36.5465298
46.8948653 -36.65940096
47.15552954 -36.77103963
47.41542503 -36.88146183
47.67456287 -36.99068325
47.93295393 -37.09871925
48.19060889 -37.20558491
48.44753824 -37.31129499
48.70375227 -37.41586398
48.95926109 -37.51930607
49.21407462 -37.62163519
49.46820261 -37.72286497
49.72165464 -37.82300881
49.97444011 -37.92207984
50.22656826 -38.02009093
50.47804818 -38.1170547
50.72888879 -38.21298355
50.97909885 -38.30788964
51.22868699 -38.40178489
51.47766168 -38.494681
51.72603125 -38.58658946
51.9738039 -38.67752153
52.22098767 -38.76748827
52.46759048 -38.85650054
52.71362014 -38.94456899
52.9590843 -39.03170408
53.20399049 -39.11791608
53.44834615 -39.20321508
53.69215856 -39.28761096
53.93543491 -39.37111345
54.17818226 -39.45373209
54.42040757 -39.53547625
54.66211769 -39.61635514
54.90331936 -39.69637779
55.14401922 -39.77555309
55.38422379 -39.85388976
55.62393953 -39.93139636
55.86317275 -40.00808132
56.10192971 -40.0839529
56.34021656 -40.15901922
56.57803934 -40.23328827
56.81540403 -40.30676789
57.05231651 -40.37946579
57.28878256 -40.45138955
57.5248079 -40.5225466
57.76039816 -40.59294427
57.99555888 -40.66258974
58.23029552 -40.73149008
58.46461349 -40.79965223
58.69851808 -40.86708304
58.93201454 -40.9337892
59.16510803 -40.99977731
59.39780366 -41.06505387
59.63010644 -41.12962526
59.86202134 -41.19349773
60.09355323 -41.25667747
60.32470695 -41.31917052
60.55548726 -41.38098286
60.78589884 -41.44212033
61.01594633 -41.50258872
61.24563432 -41.56239368
61.4749673 -41.62154079
61.70394973 -41.68003553
61.93258602 -41.73788329
62.16088049 -41.79508938
62.38883745 -41.85165901
62.61646112 -41.90759731
62.84375568 -41.96290932
63.07072526 -42.01760001
63.29737393 -42.07167426
63.52370572 -42.12513686
63.74972461 -42.17799255
63.97543453 -42.23024596
64.20083935 -42.28190166
64.42594292 -42.33296416
64.65074902 -42.38343786
64.87526141 -42.43332713
65.09948377 -42.48263624
65.32341978 -42.5313694
65.54707304 -42.57953075
65.77044714 -42.62712436
65.9935456 -42.67415424
66.21637193 -42.72062434
66.43892957 -42.76653852
66.66122196 -42.81190061
66.88325246 -42.85671435
67.10502442 -42.90098345
67.32654115 -42.94471152
67.54780591 -42.98790215
67.76882196 -43.03055885
67.98959248 -43.07268507
68.21012065 -43.11428421
68.4304096 -43.15535962
68.65046244 -43.19591459
68.87028223 -43.23595235
69.08987203 -43.27547609
69.30923483 -43.31448894
69.52837363 -43.35299398
69.74729136 -43.39099423
69.96599095 -43.42849267
70.1844753 -43.46549224
70.40274727 -43.5019958
70.6208097 -43.53800621
70.8386654 -43.57352623